24 0.0037819184 -1.049426 0.56046814 -0.608141 -0.08701924 0.09639458 -0.2872005 -0.0025078682 -0.6968365 -0.056874786 0.5562691 0.27969226 -0.92184997 -0.07965355 0.19584227 -0.6976171 -0.45581147 0.55062014 0.37966263 -0.14273801 0.3215684 -0.4223634 -0.59597665 0.3546513 -0.46345478 0.23842782 0.3428054 0.2670804 0.67511284 -0.50492543 -0.3493611 0.30841103 0.2702521 0.20299779 0.25011498 0.059131548 -0.21573345 0.070744 -0.2109875 -0.0069592777 0.103997424 0.69132406 -0.74815565 0.2398814 0.7595107 -0.43625084 -0.14247066 -0.019186117 -0.026109995 0.65174836 0.22571175 -0.10538738 -0.042529017 0.6587002 -0.10200578 0.19062023 0.1418889 -0.55798817 0.01125022 0.27408338 0.43122855 0.1783075 0.60291696 0.27035075 -0.32952005 0.05143522 -0.021879805 0.60073185 0.06070323 -0.15603499 0.21066207 -0.4118229 0.0060329773 -0.51992154 -0.26628956 0.55659485 -0.46805963 -0.074963294 -0.3667124 0.34694847 -0.40678987 -0.20165336 0.7928669 0.3611163 0.19564174 -0.1058852 0.18227054 -0.6017541 0.30459374 -0.14023145 -0.3027148 -0.23369369 0.09888044 -0.05279083 0.43487707 0.18026301 -0.290641 -0.10772664 -0.006629957 -0.2761703 -0.15945816 0.19910157 -0.62343335 0.1846526 1.0694178 0.11341354 -0.039352458 -0.44540322 0.2042183 -0.27259156 0.1817664 -0.31795502 0.23101231 0.067678645 -0.19219565 -0.34822163 0.18267526 -0.1415235 0.23478799 0.5126175 0.17162964 0.060130402 -0.55100983 0.4055494 -0.41904896 -0.45442382 -0.4731314 -0.27936947
1048 0.11519258 -1.2905363 0.41169924 -0.5375963 0.025358204 0.032078438 -0.251618 -0.019540338 -0.9527663 -0.008975319 0.7512345 0.25485277 -1.0093971 -0.009440829 0.3958543 -0.7026639 -0.49416748 0.6231834 0.40183845 -0.07232584 0.63194084 -0.5669873 -0.8078508 0.3874857 -0.45578063 0.39564496 0.24156038 0.3457539 0.8417999 -0.5894031 -0.32852417 0.47709805 0.49218997 0.27105457 0.15788513 -0.02451911 -0.12296851 -0.0691933 -0.33536926 0.028237006 0.10391981 0.9313413 -0.8507854 0.32914934 0.79389405 -0.6791931 -0.2680507 0.052205462 -0.11711239 0.8253963 0.39436403 -0.21311192 0.21805716 0.8250234 -0.12882783 0.21568146 0.17899907 -0.5830364 -0.1765766 0.465347 0.40025666 0.21694413 0.6959593 0.2382123 -0.53615427 0.06181596 0.042017408 0.57601374 0.0586746 -0.13570239 0.120374195 -0.49699634 0.043748226 -0.5968415 -0.3287211 0.4625784 -0.6351308 0.019793637 -0.47468156 0.43669313 -0.59236217 -0.4023958 0.8738067 0.3591487 0.45584038 -0.09994962 0.30082005 -0.6758844 0.3082529 0.031245902 -0.40765944 -0.24862953 0.14680444 -0.113962166 0.6303505 0.21128497 -0.080542654 -0.007350374 -0.041014813 -0.3455793 -0.20609006 0.16419217 -0.8566371 0.079629615 1.1662157 0.08180686 -0.29643467 -0.33386147 0.28314522 -0.35167062 0.36735526 -0.3667278 0.2067551 -0.044639386 -0.31957343 -0.5530049 0.20786098 -0.15934789 0.14866959 0.52498674 0.025461521 -0.08301945 -0.70497143 0.31561267 -0.4212628 -0.5337872 -0.5595182 -0.16010508
71 0.28613782 -0.40693158 0.5380581 -0.35221037 0.10777059 0.22220702 -0.1097981 -0.21576472 -0.46238163 0.40687448 0.35452345 0.10114952 -0.6494405 0.3369155 -0.079887986 -0.21242893 -0.08990811 -0.06494145 -0.1507818 -0.022475874 0.46284974 0.3277358 -0.027971696 0.4082136 -0.0077811563 -0.018862946 -0.094276175 0.35934395 0.18067744 -0.5364427 -0.43854225 0.059727546 0.14951017 0.14716984 0.27294612 0.09800027 0.40101886 -0.11018417 0.20128262 0.33748743 0.33726916 -0.0021923748 -0.063070014 -0.31690076 0.11031377 0.54818964 -0.04862822 -0.06198819 -0.24576594 0.22657295 0.11889853 0.68539584 0.00045761076 -0.099051654 0.21155587 0.07840107 0.5225185 -0.4640796 -0.01671374 -0.038078018 0.09088873 -0.14764342 0.2789749 0.6982209 0.17151001 -0.4149849 0.3962455 0.6159601 -0.31029335 -0.12056144 0.173913 0.58215475 -0.029287051 -0.20665963 -0.40904933 -0.25411913 -0.3951361 0.05431893 -0.33978793 0.48833904 0.21271284 0.05480079 0.14838152 0.4697866 0.31168312 0.52217245 0.2540458 -0.37715623 0.115232825 0.3843804 -0.042909175 -0.29039437 0.20136642 -0.20997477 0.34550372 0.08392984 -0.57788885 -0.5951273 -0.34558234 -0.29619157 0.12122776 0.28187948 0.090798676 0.48468202 0.4366392 -0.22756928 0.2521825 -0.11608307 0.39464492 -0.22369583 -0.35880014 -0.20124787 -0.0050705518 -0.28959447 0.0005565848 0.13958926 0.19317046 0.537924 0.15597306 0.06645421 0.2183391 0.008168979 -0.45753977 0.35689914 -0.32369557 -0.34041545 -0.43477628 0.046643164
4373 0.1714177 -0.72081417 0.6559463 -0.3422127 0.33204982 0.39073464 0.021654341 -0.07745702 -0.6745116 0.79001904 0.41047186 0.17813998 -1.0527239 0.5600378 0.010027842 -0.08691156 0.019852674 0.160719 -0.1712094 0.6479022 0.74350816 0.51223177 -0.20127724 0.4512993 -0.12126153 -0.42932677 -0.24524337 0.46996868 0.11161085 -0.8611646 -0.46314168 -0.0569652 0.47274542 0.10972491 0.1907975 0.0502012 0.6113307 -0.337936 0.3663477 0.4816581 0.3090686 -0.07919317 0.030596033 -0.59246486 0.11276283 1.1376607 0.063725874 0.026241455 -0.07939152 0.5189507 0.06617123 1.3357954 0.08399448 -0.21378353 0.29257828 0.1961987 0.90236413 -0.6642954 0.23905098 -0.13277143 0.21926974 -0.39137465 0.24620624 0.9344471 0.27021787 -0.4595363 0.75699294 1.1862144 -0.40970013 0.14705329 0.558982 0.911685 0.022623256 -0.28335306 -0.49139792 -0.37395203 -0.91621953 -0.22451523 -0.3701322 0.90967655 0.5357021 -0.107429616 0.08849296 0.8676153 0.41463178 0.8626727 0.5057346 -0.51333725 0.331346 0.3298122 0.12257348 -0.5886601 0.07499392 -0.24934638 0.3770237 0.20075017 -0.81739414 -0.8810941 -0.5997012 -0.52739996 0.17785431 0.6869922 0.18829839 0.5040711 0.4006423 0.14589241 0.7244134 -0.12818505 0.48007506 -0.3723603 -0.5083014 0.0022931457 -0.09326475 -0.43588358 0.20444682 -0.16179821 0.33343992 0.68551576 0.21991822 0.089838095 0.13829139 0.10117528 -0.4183517 0.34841886 -0.53610754 -0.09808138 -0.27378103 0.19539453
72 0.403493 -0.50706965 0.87178564 -0.18356802 0.48312646 0.29541415 -0.019490808 -0.28359708 -0.5723605 0.33382893 0.714439 0.19086912 -0.7183635 0.28997263 -0.16885898 -0.4184709 0.23321904 -0.11293644 -0.07102491 0.2340503 0.14386806 0.24058792 -0.30358753 0.26612604 0.077148795 -0.06308732 -0.24255273 0.43685618 -0.072304346 -0.53063947 -0.12546366 0.5304162 0.31389344 0.30020663 0.33278945 -0.19772364 0.21630146 -0.05595883 -0.111751415 0.5012895 0.5191081 -0.014856373 -0.025158813 -0.39019275 0.24233608 0.35563096 -0.0099933995 -0.03853402 -0.5505557 0.58896524 0.36581826 0.90581244 -0.11180644 -0.29464012 0.013222246 -0.059283026 0.7298551 -0.7923867 0.21698368 0.09316737 0.081758395 -0.28039336 0.3063211 0.6417094 -0.098610684 -0.542647 0.30700395 0.81436676 -0.510281 0.19501774 0.06998089 0.5910596 0.19104366 -0.18004224 -0.31282443 -0.21220896 -0.211993 -0.23455538 -0.60194683 0.41787705 -0.09219555 0.059527304 -0.013011105 0.26024312 0.13385454 0.59938854 0.43266833 -0.2593249 0.08834685 0.53392774 -0.193972 -0.392376 0.0933098 -0.44930115 -0.00887243 0.15396081 -0.29246256 -0.73623884 -0.39964923 -0.23930424 0.1934668 0.020593578 0.20961045 0.28284565 0.46678364 -0.21918285 0.18669868 0.105579235 0.31383896 0.024249094 -0.2949576 -0.1558546 0.17361234 -0.58369744 0.10950335 0.10353866 0.22918275 0.2998922 0.024326166 0.116874024 0.39101967 -0.17415921 -0.53306 0.2447473 -0.35634345 -0.11511943 -0.34325385 0.34582093
4374 0.23730752 -0.6223168 0.44367483 -0.3313054 0.1136778 0.56349295 -0.34542635 -0.17439596 -0.65795785 0.32481176 0.029257488 -0.11268271 -0.9375761 0.523567 0.009316816 -0.19833873 -0.020515306 -0.30550638 -0.28630885 0.061567813 0.440195 0.21592462 -0.012642133 0.5591414 -0.16762356 -0.0499727 -0.030634739 0.22330076 -0.07239551 -0.6754802 -0.43112227 -0.11475462 0.13743691 0.073963515 0.39150476 0.07175281 0.45616174 -0.22450626 0.107226215 0.29419193 0.15458317 -0.25800055 -0.006467002 -0.15628277 0.05162941 0.35288572 0.11015235 0.017616833 0.06246472 0.2167946 -0.025250673 0.73041666 -0.038629387 -0.029989302 0.2487481 0.04836038 0.6223871 -0.39955696 -0.007355886 0.1863677 0.101874344 -0.18900485 0.35620034 0.7047305 -0.0074101686 -0.13048273 0.46095827 0.52569085 -0.3698631 -0.12698384 0.4604295 0.45028135 0.08742308 -0.504994 -0.3324697 -0.09725906 -0.40776616 -0.0063967174 -0.29997304 0.4559091 0.45035353 0.096358806 0.45282865 0.47428274 0.05225932 0.47546893 0.01682949 -0.20074937 0.086890824 0.29236463 -0.12624016 -0.20367363 0.22094913 -0.20058951 0.36417827 0.22479963 -0.74638265 -0.3866458 -0.5608998 -0.4886129 0.3182827 0.46579656 -0.21872796 0.6476609 0.53843534 -0.062293116 0.4659149 -0.12059238 0.46469405 -0.35268524 -0.6543153 -0.095566474 0.07196191 -0.3389173 -0.11004685 0.022236008 -0.0018601839 0.42408183 0.24471529 0.11045226 0.2608158 0.019230794 -0.26727134 0.3163884 -0.10469529 -0.062024627 -0.5370586 0.1481136
0 0.7974494 -0.73809785 1.0991267 -0.7663963 0.18987873 0.7918842 -0.59353864 -0.37591216 -0.69722116 0.365454 0.39648953 -0.29777378 -1.0589782 0.7467637 -0.22757961 -0.6568025 -0.5051805 -0.39637688 -0.3523935 -0.43359134 0.88078326 0.22305438 -0.15665345 0.53461784 -0.39756468 0.12531982 0.041029718 0.67333806 0.427904 -0.7719689 -0.6624478 0.60746294 -0.041621085 0.18526383 0.6826573 -0.0125761535 0.52121353 0.053815175 0.035566244 0.49700814 0.50049317 0.11334918 -0.46407524 -0.08285474 0.17768559 0.4043672 0.0394881 -0.1325271 -0.6753573 0.55238384 0.10873078 1.0300626 -0.14102104 0.17564364 0.22475289 -0.0490236 0.84284055 -0.42845553 -0.36521336 0.016897308 -0.041913547 -0.30839655 0.89075583 1.1031562 0.17580065 -0.62370175 0.32195756 0.5353527 -0.4410629 -0.32385686 -0.001498598 0.9134152 0.049916398 -0.2840764 -0.5654083 -0.46598187 -0.52637124 0.2834839 -0.98095 0.6909902 0.2127201 0.25585923 0.67371976 0.26004198 0.70128894 1.0656409 0.12123958 -0.5692447 -0.07343147 0.6609151 -0.44420412 -0.30109107 0.37465966 -0.3496785 0.5245149 0.27280045 -0.76577294 -0.5702 -0.6794929 -0.6369936 0.2631324 0.169971 -0.4061111 0.91219705 1.0478224 -0.73173773 -0.05666033 -0.15339932 0.7705428 -0.11329299 -0.71440357 -0.49254355 0.067171335 -0.28459692 -0.36537558 0.43838704 0.3404723 0.7909286 0.3872738 0.43267015 0.79096013 -0.21317306 -0.8345557 0.7290972 -0.25760767 -0.6482677 -1.1966536 0.12014744
73 0.20850725 -0.47755003 0.5374835 -0.3846893 0.25248724 0.33868036 -0.17802803 -0.21096343 -0.50718844 0.39533025 0.30435362 0.12431646 -0.724015 0.21812809 -0.12746817 -0.18217063 -0.18984373 -0.1896459 -0.12106194 0.037583034 0.4025932 0.1722388 0.02189354 0.2300255 -0.1275035 0.04856918 0.0010990367 0.39221802 0.09638071 -0.60893226 -0.27721912 0.021891488 -0.003031244 0.01160745 0.14844327 0.03175564 0.1861186 -0.10830945 0.1402523 0.3041982 0.28982934 -0.015833916 -0.15200667 -0.3701609 0.15390894 0.60669065 0.15105376 -0.1517352 -0.22580671 0.19078198 0.023223432 0.79516524 -0.08388163 -0.05610099 0.20930088 -0.08540052 0.5972129 -0.542513 0.12543075 -0.019732554 0.30528855 -0.25566167 0.2538609 0.7306278 0.06686133 -0.3503853 0.42042747 0.72138375 -0.36550915 -0.021762216 0.10427442 0.46737954 0.12068578 -0.18928403 -0.36716074 -0.28462446 -0.51504517 0.07132556 -0.30193827 0.55160415 0.26554123 0.14525898 0.20886491 0.41987216 0.34398693 0.48476934 0.21326117 -0.3647548 0.16265795 0.20971619 -0.09975154 -0.2594518 0.30450508 -0.2538149 0.16566683 0.109915175 -0.4297673 -0.5252499 -0.44054 -0.3539713 0.11165341 0.40911338 -0.017916502 0.46528378 0.45244488 -0.20798568 0.12871 -0.18016773 0.5467649 -0.25792655 -0.41624716 -0.12804595 0.08536798 -0.27446523 0.107068874 0.15198395 0.23908257 0.3854842 0.19337255 0.087425545 0.17104924 0.07292187 -0.35194546 0.37336063 -0.39312175 -0.306856 -0.32105035 -0.08152444
501 -0.0073980666 -0.19587202 0.33965093 -0.11315865 -0.24822323 0.43378994 -0.25188237 0.33283505 -0.18632326 0.6216615 0.28065094 -0.16310975 -0.669571 0.6702076 -0.22744335 -0.27950814 0.07421884 0.5477479 -0.24071987 -0.113399126 0.5888234 0.035699353 -0.23286067 0.1800196 -0.15798098 -0.5336131 -0.11470595 0.21726294 0.25996834 -0.071907215 -0.58242345 0.7146989 0.5236382 0.076009884 0.4551897 -0.19620264 0.71381307 -0.043081935 0.10368049 0.36495858 -0.09259038 0.48952058 -0.6909273 0.090383895 -0.5673732 0.37520134 -0.5152238 0.63485813 0.059300214 0.6344668 -0.14436314 0.50402975 0.25445414 0.71043426 0.13694398 0.42774677 0.038501736 0.12206523 -0.5687712 0.076983504 -0.463941 0.15154494 0.15702134 0.27831015 0.48825738 0.0010951309 0.059032433 0.49985513 0.17071418 -0.3927112 0.33409747 0.381958 0.20355482 -0.5146935 -0.14464135 0.27349928 -0.57098496 -0.39898592 -1.049586 -0.41260624 0.022157423 -0.00589664 0.14746742 0.11197069 -0.22598684 0.793253 -0.07280329 -0.36616108 -0.5366877 0.16049264 0.09265297 -0.38805428 -0.17840421 -0.10887566 0.49849266 -0.01661163 -0.46743107 -0.21867368 0.4677291 -0.4093047 0.027506782 -0.22898154 0.07050867 0.40149918 0.8418295 -0.14281546 0.47752902 -0.12292321 0.34763274 -0.19228263 0.024352316 -0.5965117 -0.403227 0.19262321 -0.026278844 0.16751257 -0.14062397 0.4089878 0.373021 0.5707383 0.65727085 -0.4372958 0.2631705 0.1921561 -0.24684866 0.10573444 -0.61336356 -0.12553306
426 0.013358795 -0.14334054 0.43455163 0.08853549 -0.36595693 0.11396337 0.09191831 0.41598812 -0.07004917 0.4873336 0.53827995 -0.112214245 -0.3353712 0.73759866 -0.13642655 -0.20059411 -0.020631926 0.7273572 -0.2366525 -0.2132493 0.8701893 0.0608202 -0.53860277 -0.25131342 -0.12781578 -0.6820271 -0.21861377 0.54680014 0.44225898 0.1314928 -0.47068942 0.93604076 0.6510277 0.051749002 0.39599434 -0.17156726 0.90287006 -0.05012461 0.018775983 0.36660078 -0.1633146 0.8698817 -0.8547046 0.2324402 -0.3789331 0.40841836 -0.65511525 0.8211523 -0.043776214 0.9496995 -0.12143496 0.51078 0.3333412 0.71546936 0.33117205 0.3902172 -0.0034160793 0.47797695 -0.86152166 0.034724623 -0.72925335 0.14096229 0.07737836 0.005155367 0.5786807 0.01744151 -0.07397621 0.3950828 0.11519139 -0.4298915 0.2713198 0.30200732 -0.07953139 -0.42560774 0.10396865 0.05000824 -0.4590254 -0.5024997 -1.0776696 -0.6876929 -0.002573831 -0.16279897 0.09301206 0.31114104 0.12099924 1.112156 0.120782085 -0.6285897 -0.5506682 0.27316043 0.08383027 -0.35216928 -0.11748237 -0.0035258278 0.7560432 0.11812542 -0.24027757 -0.22905062 0.47277504 -0.31087252 -0.34583154 -0.2927062 0.20564103 0.32689145 0.88435584 -0.30272996 0.0674173 -0.13288592 0.30218512 -0.11014826 0.33563 -0.73295534 -0.63868487 0.2781811 -0.07480241 0.24013555 0.005638335 0.47464105 0.022406967 0.43266174 0.65693593 -0.46028692 0.35984182 -0.030843416 -0.20187977 0.1237269 -0.557115 -0.016852817
544 0.57215214 -0.12937501 -0.09346158 0.15097126 0.17457007 -0.3261172 -0.6923305 0.6253963 -0.10065586 0.15852171 -0.18573827 0.2952102 -0.36637488 -0.052870233 0.5311202 0.28963983 -0.0049728076 0.47183272 -0.24478696 0.7819278 0.49264053 0.072026655 0.31598905 -0.031524453 0.103373684 -0.025964972 -0.30986792 -0.04052908 0.87493455 -0.06178758 -0.5579331 0.90188247 0.12221134 0.5180634 0.1821078 0.09436472 0.7103822 0.17735699 0.16702668 0.7143017 0.08716709 0.5703856 0.472766 0.05714658 -0.1600662 0.10523276 -0.5024763 0.56970793 -0.5043896 0.26801914 0.31639093 -0.21171634 0.5175443 0.7095509 -0.18034008 0.71109927 0.30792361 0.22284393 -0.06481488 -0.52083915 -0.5000249 0.037282236 0.44290394 -0.1457109 0.3863374 -0.010356454 0.7682621 -0.07999644 -0.07639136 -0.2497506 -0.19290781 -0.34619796 -0.0017709023 -0.43307826 -0.27756527 0.16064557 -0.52354014 -0.04320938 -1.0004225 0.18466556 -0.29458362 -0.3618472 -0.15441059 -0.08962764 0.24679163 0.13716352 0.1706887 0.27934146 -0.147771 0.53916776 -0.25094125 -0.5855557 -0.021850264 -0.43677416 0.14586613 -0.051127985 0.25768936 0.2458666 0.75056225 -0.897402 -0.16740943 0.013683162 -0.12701306 -0.30204943 0.42736462 -0.24257009 0.32974198 0.2115972 -0.22340427 -0.1736016 -0.0851739 -0.348208 -0.3108428 -0.22805753 -0.10958926 -0.50225705 -0.0079060085 -0.166782 0.25939947 0.089223206 -0.22501485 -0.5885685 -0.49094844 -0.0073572793 -0.25505996 -0.03045674 -0.24058044 -0.045273647
8142 0.73923296 -0.0958176 0.20982844 0.021613885 0.074724235 -0.5902979 -0.76565266 0.73960924 -0.16758175 0.12262216 0.048728026 0.42683068 -0.40181887 -0.040757798 0.5987437 0.14806956 -0.22455962 0.63142437 -0.28094375 0.824652 0.862415 0.10972133 0.19884622 -0.12313823 -0.023077078 -0.06402583 -0.40301874 0.17017068 1.2668486 -0.15747833 -0.79772156 1.2170601 0.21440752 0.6756591 0.43005913 0.1969024 1.0156995 0.3100568 0.15452448 1.0525022 0.30302334 0.8626296 0.49817133 0.11710807 -0.04942851 0.24899869 -0.648617 0.6031631 -0.6233085 0.3595737 0.46891335 -0.13014437 0.55626714 0.9380271 -0.08575273 0.8892763 0.42339605 0.3190146 -0.21293348 -0.81297547 -0.59377205 -0.10556638 0.718241 -0.14342013 0.51654136 -0.10143036 1.0046885 -0.007979134 -0.19611105 -0.3719661 -0.27127102 -0.48766539 -0.18807809 -0.5202088 -0.27910134 0.23955207 -0.55951715 -0.23406553 -1.1855336 0.14460662 -0.26266238 -0.5870135 -0.056101132 0.073957525 0.49196124 0.34226602 0.24701737 0.16525418 -0.13631873 0.7730301 -0.46423444 -0.527213 0.03440089 -0.48119187 0.23657872 0.014467079 0.2359512 0.22360496 0.9013439 -1.0867461 -0.42282254 0.027296048 -0.014134387 -0.32656264 0.69995254 -0.36546427 0.47192848 0.02833211 -0.24924645 -0.22304176 -0.045699637 -0.3838503 -0.44693533 -0.41926017 -0.038042046 -0.5881865 0.1674375 -0.06436805 0.17161398 0.06569687 -0.17108703 -0.58629495 -0.6249348 -0.007537523 -0.379874 -0.28457075 -0.2835766 -0.13819426
755 0.19454828 -0.17350079 0.5667493 0.13046233 -0.11779682 0.26854378 -0.25857538 -0.15707687 0.5950858 0.11969311 -0.8004512 -0.29177865 -0.15679762 0.31680122 0.14870028 0.5038122 -0.80846334 0.36887646 -0.14247912 -0.06286342 0.49538127 0.4277314 0.13107587 -0.12674505 -0.44132084 -0.11809358 0.27237737 0.5918703 0.4138855 0.119895585 -0.6450083 -0.0028124978 0.024429427 -0.13980827 -0.033137396 0.116010055 0.48305863 0.30221912 0.665599 -0.12542991 -0.5587808 0.24708025 -0.4112593 0.08656941 -0.041162815 0.9203716 0.1250157 -0.12172674 -0.135848 0.17913914 -0.32739297 0.4439277 0.23352085 0.46268365 -0.14337169 0.37347722 0.1588109 0.5553255 -0.60113615 -0.2726466 -0.40721366 0.1442669 0.6321581 0.68153214 0.33551708 0.19438466 -0.00063710986 0.09547447 0.24519089 -0.006650389 0.25812474 0.6233887 -0.55044866 0.17339915 -0.1673789 -0.19801214 -0.89313066 0.28251803 -0.4394756 0.26809505 0.5359776 0.2206079 0.5852262 0.1584508 0.39065677 0.5118166 0.071397096 -0.5566918 -0.093349874 -0.3480845 0.17898618 -0.40676785 0.106469534 0.016655108 0.47453362 -0.05471427 -0.36651805 -0.20202376 0.23661844 -0.7202302 0.1644864 0.35149166 0.029248454 0.71858615 -0.12250708 -0.09038473 0.1793223 -0.26616806 0.24299718 0.059327055 0.08452276 -0.33795226 -0.43380472 0.45180017 -0.35272834 -0.034058433 0.26628843 0.28596017 0.5403427 0.34039578 0.34246382 -0.07748865 0.11330916 0.5924622 -0.13645878 -0.2757208 -0.53036624 -0.40620607
1085 0.40447348 -0.68617773 0.9429764 0.54926986 0.1260001 0.44751278 -0.14621621 -0.5056055 0.786208 0.054569412 -0.8248481 -0.35209587 -0.30402875 0.11968248 0.08529976 0.8496539 -1.0079598 0.26590788 -0.09101006 0.31115547 0.6080806 0.59983194 -0.14034903 -0.39444903 -0.71396273 0.015563212 0.34844443 0.8187515 0.4691492 -0.12402641 -0.5441142 0.18617788 0.4814635 -0.15884666 -0.17996308 0.08530166 0.9798271 0.19247001 0.8976817 0.049763452 -0.79781353 0.3378134 -0.5283932 0.06527733 0.0122469645 0.8064598 0.3506431 -0.08771491 -0.299449 0.48869756 -0.036738276 0.7284941 0.17394042 0.6997921 -0.6540587 0.20344347 0.68342334 0.43646666 -0.75272065 -0.39828262 -0.4112274 -0.18751456 1.0009854 0.86593944 -0.2578417 0.33986518 0.4057144 0.48779532 -0.004964249 0.61889327 0.5914233 0.6333079 -0.52578324 0.5582508 0.097792484 0.04934514 -1.3155078 -0.03456643 -0.55623764 0.16117762 0.4829811 0.121348105 0.85013676 -0.0074266507 0.15885663 1.0618736 -0.023060175 -0.65554017 -0.24982221 -0.1852958 0.09565616 -0.23162976 0.26013657 -0.2327961 0.55917823 0.11988926 -0.08686033 -0.13555409 0.3805858 -0.9477905 0.5499028 0.5233878 -0.29269236 0.5789268 0.38298208 -0.15779218 0.40387043 -0.10971924 0.49939767 0.29341885 0.36814722 0.04762206 -0.58741474 0.24356946 -0.08089473 -0.59752613 0.4076531 0.08582768 0.3385944 0.533428 0.7903445 -0.14787926 0.20078641 0.51099676 0.0917274 -0.07584683 -0.61403227 -0.27199888
66 0.032107603 -0.1544581 0.30191642 -0.10338149 0.1330157 0.54907674 -0.49827805 0.29971486 0.14526874 0.20261726 -0.9619033 -0.32186356 -0.45529616 0.6777897 0.4650308 0.31801182 -1.0977589 0.5850415 -0.19260283 0.17224823 0.67260724 0.053943135 0.13695659 -0.12765479 -0.7015438 -0.22833578 0.3607702 0.69787735 0.296602 0.30769038 -0.57157016 -0.008695098 -0.27755675 -0.1881075 -0.07851663 -0.18524972 -0.33334032 0.34082177 0.3382619 -0.31584778 -0.7056285 0.29034126 -0.55526745 0.26176128 0.11060429 1.1968642 0.22178648 0.013921803 -0.10003545 0.37718484 -0.6815134 0.5486636 0.3903145 0.60018605 0.1446129 0.5034415 0.0059899795 0.7269409 -0.41869494 -0.083584145 -0.46666098 0.32815978 0.5442146 0.40726513 0.7848992 0.2524523 -0.42702067 -0.04392675 0.4298335 -0.20505269 0.030682288 0.5805901 -0.3570572 -0.3190143 -0.4493575 -0.4806241 -1.1781256 0.57193285 -0.76016235 0.7848966 0.67935395 0.21306886 0.60557127 0.4195188 0.8868895 0.088463575 0.3297367 -0.5711318 0.22535367 -0.7894088 0.2231721 -0.89715725 0.022768673 0.0842969 0.376095 -0.12839584 -0.43606332 -0.038080383 -0.085213356 -1.0499458 -0.2731309 0.33077434 -0.17144652 0.92884094 -0.6014854 0.16990961 -0.17351356 -0.34424654 0.050593738 -0.1830878 -0.28129384 -0.81539375 -0.3016887 0.6800182 -0.6256554 0.14430241 0.33305365 0.2448295 0.9104217 0.2943648 -0.0739419 0.02920947 0.048695266 0.7885311 -0.4773917 -0.3856736 -0.49326405 -0.55749595
976 -0.15780433 -0.53853655 0.41976976 -0.27469242 -0.031365078 0.27281538 -0.11484906 -0.13300972 0.0022964922 -0.11253368 0.028949212 -0.5841909 -0.6330462 0.34571606 -0.5984371 0.06866598 -0.33775684 -0.07312448 0.226868 0.46150902 0.720603 0.35246474 -0.24199563 -0.02341614 -0.5147429 0.073490754 0.14734425 0.32710215 0.126175 -0.34710264 -0.045586996 -0.25751844 -0.3171599 0.23207094 0.5351174 0.24338838 0.029453818 -0.04559209 0.05860887 -0.2380475 -0.41605428 -0.20734514 -0.20701799 0.12040307 0.6669339 0.24265262 0.03198033 0.14087315 -0.42246374 0.18164398 -0.40144008 0.51798594 -0.03472705 0.49455678 -0.018537417 -0.26308966 0.2655864 0.32291842 -0.045388196 -0.2707528 -0.22401865 -0.5581771 0.7722378 -0.4257165 0.33595988 0.30737808 -0.43702146 0.35355055 -0.140808 0.36072224 0.14271288 -0.20587723 -0.28524214 0.29870147 0.013737636 -0.22506271 -0.7062627 -0.18841222 -0.34315443 0.43742287 -0.003927594 -0.27158463 0.32100287 0.43871352 0.5075876 0.112555414 0.05239104 -0.25880495 0.3426401 -0.08641343 0.45921877 -0.19764212 0.1972906 0.33719516 0.46931797 0.10178465 -0.636611 0.400736 -0.53150874 -0.21834792 -0.45680115 0.09642812 -0.8058298 0.41693646 0.1556361 0.26389733 0.007066997 -0.32155555 -0.54173255 -0.3839158 -0.46771422 -0.514498 0.08179865 -0.070259005 -0.054966196 0.042293835 0.6986175 0.39059213 0.1144572 -0.26617935 0.19964144 0.40691346 -0.24974471 0.37330058 0.06294965 -0.44131947 0.18349552 0.21941632
977 -0.18414566 -0.49613252 0.4381053 -0.22302444 0.19267085 0.35380995 -0.10209883 -0.13470653 0.005745387 -0.07364913 0.08160243 -0.48470268 -0.543083 0.3216144 -0.5968986 0.07205103 -0.32562333 -0.010240484 0.37877756 0.54112166 0.597893 0.14618352 -0.27122995 -0.21560197 -0.54195666 0.033949833 0.18525113 0.31267828 0.1438307 -0.28268024 0.107193336 -0.031820513 -0.3378283 0.11923283 0.40291753 0.12995277 -0.12734763 0.11343472 -0.03336817 -0.31418708 -0.37318835 -0.00058019056 -0.32922295 0.045049198 0.71997815 0.28440657 0.056181185 0.018520607 -0.53498286 0.29870817 -0.43013623 0.63428366 -0.017505657 0.52715755 0.018872842 -0.3800819 0.22044824 0.3171768 0.07822181 -0.34562427 -0.09120603 -0.512416 0.74478984 -0.34513783 0.2679006 0.27247187 -0.5329003 0.46896723 -0.10115959 0.45535114 -0.024630494 -0.1767799 -0.11676665 0.40033075 0.03106017 -0.23285472 -0.82277375 -0.14606397 -0.41911024 0.4604921 -0.098757386 -0.22524366 0.15879165 0.2924142 0.6411624 0.092776924 0.23883541 -0.31364986 0.31845632 -0.20076568 0.43355995 -0.30730933 0.1290299 0.21149045 0.2973721 0.12569503 -0.3699384 0.36965764 -0.50386935 -0.13639699 -0.46854886 0.13096398 -0.8136334 0.25988188 0.13778317 0.27667114 -0.25959298 -0.29448387 -0.43827817 -0.31441528 -0.35663015 -0.49308604 0.07580711 -0.14010799 0.014920397 0.08434645 0.78602195 0.26345998 0.15849654 -0.09418404 0.25158432 0.38690686 -0.21053961 0.28526136 -0.0041421466 -0.3999301 0.29482916 0.2172528
979 -0.1927046 -0.40127802 0.333365 -0.59022695 -0.21426341 0.43977854 0.14418046 -0.2973038 -0.42151445 0.49106517 0.43525553 -0.8270798 -0.7787277 0.53947043 -0.84698486 -0.006945983 -1.3370436 -0.23751974 0.14101991 0.30394143 1.447198 0.41403583 -0.6307225 -0.021640483 -1.0082862 0.090091564 0.17224777 0.6696924 0.32237828 -0.48965627 -0.33559728 -0.45825925 -0.29476961 -0.22840722 0.29675454 0.23960619 -0.07841948 -0.13910636 -0.096062794 -0.13766316 -0.49885517 -0.24176003 -0.57513535 0.09613936 0.5476233 0.7381364 -0.1198379 0.013254662 -0.5826357 0.6009638 -0.6346106 1.1321754 0.079765044 0.49018285 -0.24397217 -0.25436702 0.2921407 0.34303483 -0.385728 -0.048673913 -0.29254508 -0.6215924 0.87103236 -0.3824789 0.291951 -0.13869286 -0.43321833 0.2291601 -0.34146762 0.32371747 -0.22010669 0.37038693 -0.5038751 0.7180474 -0.31119522 -0.95107204 -1.2916417 0.040879555 -0.31867287 1.0825344 0.04053529 -0.17859411 0.80140173 0.8808364 1.281753 0.5515063 0.027190475 -0.6209232 0.646653 -0.23341782 0.50774705 -0.22782621 0.79488534 0.8264469 0.6393588 0.3757542 -0.6508466 0.6282455 -0.85348207 -0.4152845 -0.7018128 0.054963645 -0.9383409 0.872307 0.20655015 -0.22756322 -0.05619553 -0.26509127 -0.45776036 -0.5810314 -0.36293215 -0.63396806 0.053092252 0.25056443 -0.13399449 -0.18967672 1.2900287 0.9105913 -0.071935385 0.0025041895 0.43047822 0.4002414 -0.50291866 0.558189 -0.15594675 -1.2621973 -0.15551206 -0.07768259
345 -0.19917671 -0.9888125 0.7683195 -0.098402835 0.51040345 0.38066566 -0.17196433 -0.10342573 0.047925945 -0.42030525 0.03793688 -0.51113087 -0.793513 0.29600707 -0.4872956 0.13478811 -0.09090077 0.12729956 0.53120536 1.0304645 0.6273743 0.21495038 -0.4370038 -0.35047686 -0.6110675 0.013955179 0.17866334 0.47021225 0.06994819 -0.4182572 0.3369219 0.05855193 -0.25810307 0.4956738 0.7349309 0.07037102 -0.21933919 -0.013381121 0.017398633 -0.29965773 -0.43312117 0.07361497 -0.26870883 0.16236997 1.060882 0.2112868 0.3568906 0.27761105 -0.65920025 0.32516402 -0.3210027 0.6850772 -0.048078436 0.7227871 0.02418364 -0.52850854 0.43865374 0.35387772 0.27400643 -0.5156192 -0.09701596 -0.8440987 1.0400426 -0.5523489 0.33489987 0.5188463 -0.62096995 0.8726735 -0.11130239 0.81060916 0.2242528 -0.5865323 -0.04117863 0.23682262 0.23463453 -0.06401976 -0.9813396 -0.49767467 -0.6554623 0.41573435 -0.111466005 -0.54726034 0.06528926 0.39348802 0.6075295 0.040343832 0.36531776 -0.3214854 0.3769109 -0.10932555 0.5332219 -0.39933175 -0.065597974 0.098086365 0.33040836 0.0067163496 -0.48087686 0.34783876 -0.65905833 -0.31087202 -0.5835749 0.1183102 -1.0810807 0.08107129 0.14963154 0.66130674 -0.2244559 -0.39084226 -0.56733584 -0.3585795 -0.5497044 -0.58554834 0.13068613 -0.41034812 0.073563516 -0.011668399 0.8892913 0.13038988 0.17168835 -0.4363974 0.104033984 0.60513866 -0.18748587 0.33539 -0.030878808 -0.07220884 0.62556785 0.4608995
1310 0.34247157 -0.20346229 -0.25130844 0.463038 0.2773485 0.41362327 0.011932323 -0.19823065 -0.36854762 0.39021042 0.19567087 -0.02753669 -0.5722822 0.7701578 0.7190589 0.82809925 -0.6549441 0.16081008 -0.11930797 0.5717152 0.47375193 0.50068545 -0.38246766 0.27227318 -0.40105784 0.16903305 -0.14866266 0.0035976467 -0.100903094 0.39274153 -0.3799974 0.16806155 0.6085457 0.2666891 -0.15812199 -0.4557806 0.6097226 0.03488132 0.37649074 -0.049431447 -0.40490216 0.37387082 0.3808435 -0.027156133 -0.4963855 -0.06449368 -0.44435617 0.29817817 -0.09026029 -0.024278246 0.4634477 -0.1119 0.4812044 0.43211055 -0.1872816 0.41056383 0.8242822 -0.009117726 -0.5597918 -0.1476214 -0.49268633 -0.09939894 0.099305674 -0.27346808 0.17009796 0.12052375 0.29368392 0.2278968 -0.10516533 0.07321019 0.19035946 0.48885265 -0.09209583 0.10790208 -0.7349244 0.11713734 -0.7002985 0.2318926 -0.88901 0.40912223 0.06924695 -0.066096775 -0.1767295 -0.03974053 -0.1825715 0.11985384 0.18125531 -0.07082823 -0.31849274 0.35287616 0.07541274 -0.40455225 -0.42433625 -0.72335994 0.56778777 -0.41523707 -0.19874762 0.2684486 0.24933195 -0.69108695 0.12453664 -0.11936103 -0.4382901 0.15008529 -0.14244767 0.19807784 0.38587844 0.6513297 -0.16277374 -0.3483431 0.48762825 -0.22460349 -0.45736235 -0.124528915 0.14440523 -0.3808747 -0.32471293 0.17741561 0.17576297 0.15735446 -0.07308314 -0.37788013 -0.24125108 0.13121024 -0.07646175 -0.2268109 -0.5781393 0.14352094
7167 0.35551414 -0.2583747 -0.15664858 0.36974812 0.28700727 0.7035235 -0.18923236 -0.18521228 -0.51342857 0.7168603 0.17963958 -0.18548596 -0.978225 1.117295 0.6768835 0.9400378 -0.96255594 0.2926824 -0.13402621 0.8867709 0.69507426 0.5984755 -0.38997233 0.47118518 -0.68547183 0.08876404 -0.23840639 -0.058648083 -0.19490324 0.377086 -0.6596449 0.21339871 0.73967236 0.27051333 -0.09980683 -0.6973456 0.8502615 0.1760706 0.41525868 -0.119511135 -0.5888788 0.37126222 0.3451793 -0.050420668 -0.65043354 0.17965649 -0.5422235 0.30284083 -0.112933226 0.09998314 0.3663935 0.14093687 0.62826973 0.65486276 -0.21681112 0.67360395 1.0465666 -0.07337437 -0.6381233 -0.22341761 -0.5703524 -0.1946524 0.26008436 -0.20808867 0.3257433 0.10573605 0.40608966 0.37995276 -0.05385817 0.06944949 0.31427613 0.884502 -0.10515862 0.1705379 -1.0921383 0.12845159 -1.1302086 0.23114781 -1.2305092 0.65410256 0.092755996 -0.007053141 -0.122098245 -0.031641982 -0.2288031 0.2109158 0.2817637 -0.095663294 -0.31893235 0.37477496 0.16272132 -0.6823244 -0.60857326 -0.80775565 0.74291575 -0.47506467 -0.48754573 0.38315055 0.34268683 -0.91895044 0.20265283 -0.09008148 -0.49441937 0.29976475 -0.19761153 0.40220758 0.76966053 0.73172545 -0.3001717 -0.53190935 0.47492895 -0.31336185 -0.53612006 -0.097935475 0.24739882 -0.46832886 -0.25080654 0.45096502 0.44388434 0.45152563 0.12121599 -0.53131294 -0.27849862 0.1726603 -0.19825238 -0.41379756 -0.82168645 0.17431414
1432 0.50701976 -0.8905013 0.60841113 -0.1495381 -0.31308317 -0.31401637 -0.27983385 0.43405968 0.16089214 -0.14823654 0.26094875 0.023833044 0.22804599 0.39762148 0.450075 0.02859035 -0.47974506 0.52617216 0.06373083 -0.11697567 0.55639595 0.26412532 -0.8651437 -0.20780124 -0.11263284 -0.66571504 -0.11036791 -0.20261534 0.8520219 0.25745305 -0.085246645 0.7447165 0.5598502 0.2659545 0.5019497 0.25645193 0.4026494 0.057980604 -0.12662221 0.064493075 0.32347402 0.36283833 0.33982918 0.4306239 0.29206035 -0.41100508 -0.36904433 0.111730315 0.2573367 0.45192719 0.37461257 0.21218966 -0.3957773 -0.2491405 0.052817572 0.2005623 0.35156363 0.4443654 -0.070222504 -0.32182953 -0.25776565 -0.22999321 0.12780552 -0.48426226 0.4554461 -0.17168589 -0.21261103 -0.2345168 0.36473808 -0.006147357 0.13077739 -0.14392875 -0.7144291 -0.2876773 0.11236323 -0.41608137 -0.009258608 0.057768658 -0.052630626 0.3831073 0.11261632 -0.4922382 0.3802546 0.51274204 0.6206739 0.70312005 0.21613085 -0.40024045 0.06956189 0.7126732 -0.5931447 0.4380523 -0.40197843 -0.0947934 0.32305074 0.2604706 0.07850349 -0.045428503 -0.39793926 -0.344795 -0.2490532 0.25994086 -0.6103006 -0.59876496 0.042034212 0.36127254 -0.20714335 0.12258714 -0.1702768 0.37435934 0.28026664 -0.012853678 -0.23973392 0.18261805 -0.71613556 -0.2879046 -0.13332224 -0.05402379 -0.31546596 0.12286928 -0.096984595 -0.26072016 -0.45468292 0.0010777174 -0.16603132 0.3587455 -0.5437202 0.31351474
7041 0.70957327 -1.1744258 0.7204397 -0.3294445 -0.32954526 -0.30327988 -0.5136659 0.60733664 0.21016094 -0.117838085 0.32268915 -0.0059689283 0.1499843 0.43923292 0.49748603 -0.08190227 -0.7306092 0.6517756 -0.03960039 0.09359552 0.8400686 0.17801246 -0.891418 -0.15965535 -0.298572 -0.6852435 -0.18661724 -0.3231248 1.1852219 0.17771499 -0.18074252 0.9627046 0.63049954 0.23816933 0.52272636 0.24070548 0.5174623 0.12761945 -0.24129178 0.0660669 0.24406423 0.47273663 0.3622225 0.47187996 0.4036257 -0.40493032 -0.40100655 0.00063937425 0.288081 0.6431921 0.45737034 0.38395527 -0.46414447 -0.12092771 0.07746984 0.30592984 0.60740465 0.34021562 -0.07031053 -0.48877624 -0.22700655 -0.36392832 0.13263027 -0.5879752 0.6709878 -0.29717034 -0.101538286 -0.24578504 0.4842427 -0.008388518 0.15506741 0.049601737 -0.82522297 -0.28046608 0.021956177 -0.55759037 -0.18035175 0.2364582 -0.2065222 0.75801665 0.0730147 -0.5697836 0.5862607 0.5652208 0.91830677 0.87085915 0.28618413 -0.45984837 0.17680264 0.9476503 -0.75419366 0.40203506 -0.5374256 -0.18078329 0.50598675 0.3399313 0.027115725 -0.062654 -0.50100034 -0.47912645 -0.31911787 0.39981246 -0.7429092 -0.8040786 0.09033844 0.41198772 -0.3124747 0.14177106 -0.25550595 0.3391397 0.29000935 -0.011397568 -0.19856317 0.3789443 -0.6909099 -0.3431883 -0.15954009 -0.006238183 -0.21962413 0.34663308 -0.06764689 -0.4353165 -0.6433428 -0.061626934 -0.22474338 0.23208165 -0.765724 0.34297046
2203 0.6456137 -0.58886355 -0.2605655 0.41354486 0.5830033 0.03212695 -0.20248523 0.26921794 -0.074630395 0.5285035 -0.27314338 -0.34041288 -0.082908526 -0.00033562636 -0.045459542 -0.026406275 0.30219084 0.58582324 -0.198991 0.43031916 0.47381654 0.14220667 0.20996882 0.43763804 0.08590289 -0.28444728 -0.096902765 0.036106557 0.465523 -0.06775546 -0.19244026 0.71786666 0.4634442 0.58600783 -0.16642699 -0.16453405 0.30439028 -0.21728903 0.4705724 0.53883046 -0.051484805 0.13575478 -0.03185288 -0.068902254 -0.4701162 0.057870295 -0.2620551 0.61854285 -0.51251596 0.4408714 -0.097916536 -0.29031947 0.5345689 0.5546041 -0.42303944 0.3658204 -0.05056145 -0.2976077 -0.28846598 0.29730773 -0.1430639 0.4636992 0.6447689 0.3353968 0.1633778 -0.55116105 0.093857765 0.031798273 0.46935207 0.16612522 0.050183196 0.5979739 0.14530371 -0.025835775 -0.3333247 -0.49202436 -0.7766791 0.33294293 -0.97748053 0.6265705 -0.47764766 -0.18269154 -0.19862643 -0.27455103 0.39611712 0.57062536 0.21415146 0.08694644 -0.1742466 0.4780417 0.5269194 -0.67446995 -0.2543227 -0.1064447 0.3563303 -0.24416612 -0.061384194 -0.3416084 0.1352116 -0.14596412 0.17828298 -0.22351325 -0.6373804 -0.261918 0.054286476 -0.30943537 -0.1090461 0.53316486 0.22713807 0.281579 -0.28408557 -0.53123736 0.15266708 0.24436197 -0.49221137 -0.52102435 0.24863257 0.25473416 0.2555254 0.13093631 -0.12677535 -0.5775768 -0.6438532 0.34921154 0.082201466 0.22538508 -0.18532239 0.41435754
1049 0.7931463 -0.6954837 -0.13629185 0.39541414 0.6900248 0.11942144 -0.393312 0.4170562 -0.019214718 0.8180425 -0.40152627 -0.5814103 -0.25460747 0.039365754 -0.23915753 -0.08399461 0.17410848 0.92402387 -0.2399187 0.7653945 0.78273565 0.2255304 0.2828916 0.6002614 -0.2044578 -0.5391507 -0.13099404 0.05220456 0.5810152 -0.16962965 -0.40577915 0.95982796 0.67286235 0.7573373 -0.120173626 -0.28880447 0.5131566 -0.18714625 0.6532507 0.8230942 -0.16100326 0.13435976 -0.15480724 -0.071835615 -0.7178919 0.3560674 -0.26327884 0.79683614 -0.6686168 0.6712871 -0.33282825 -0.10954806 0.67135066 0.9131188 -0.629487 0.60304594 -0.028019326 -0.34765136 -0.37899837 0.1728079 -0.15270036 0.40389138 1.0292048 0.47589016 0.36969724 -0.7234797 0.22613984 0.15858477 0.62034076 0.3119889 0.1401244 0.8981262 0.16990404 0.07617855 -0.48036417 -0.5176091 -1.2167526 0.2513417 -1.4258894 0.86964005 -0.47489193 -0.3099003 -0.13629737 -0.35242823 0.50273496 0.8614473 0.21195957 0.050581925 -0.21455592 0.5681986 0.70949376 -0.875121 -0.42873752 -0.078919165 0.4441239 -0.3253341 -0.29550067 -0.3759051 0.29503822 -0.35021693 0.22440602 -0.34859875 -0.81358093 -0.33372012 0.064967655 -0.2703178 0.22927864 0.5838475 0.20126963 0.32798207 -0.4639045 -0.609526 0.19013396 0.3604813 -0.49756402 -0.7718858 0.44764507 0.4907924 0.43545923 0.32209757 0.05896976 -0.7084999 -0.71571475 0.5294692 0.023539428 0.17260809 -0.19684939 0.4506403
2416 -0.07179915 -0.30740547 0.42713058 -0.14051087 -0.2545699 0.33268082 -0.22427894 0.18356155 -0.2676896 0.37202138 0.44222313 0.05347513 -0.5435395 0.46363163 -0.11672068 -0.34215578 0.014140139 0.3781237 -0.08274379 -0.42267856 0.3964386 -0.10897507 -0.4268574 -0.036574297 -0.09376365 -0.36441424 -0.015439269 0.30802792 0.35364175 -0.08019778 -0.40318003 0.76731837 0.32653853 0.02440032 0.4722191 -0.09875709 0.44177258 -0.025052985 -0.07869826 0.2747665 0.11455408 0.63035685 -0.73130643 0.17062402 -0.28708017 0.10985883 -0.5132493 0.4764393 0.0106535 0.5479231 0.013252258 0.321767 0.10949191 0.6302292 0.16428207 0.19451292 -0.03784154 0.09485052 -0.4859926 0.18839282 -0.25739527 0.16847076 0.14480335 0.2656354 0.2667914 0.011882345 -0.08660628 0.49053046 0.08976912 -0.45269996 0.14252442 0.01076879 0.12892438 -0.5256603 -0.04195255 0.2303836 -0.37708575 -0.35810193 -0.8524931 -0.49691254 -0.14928582 0.031286612 0.20809421 0.18147352 -0.09149506 0.6855268 -0.048284147 -0.40959346 -0.43383998 0.120556965 -0.115023226 -0.17345609 -0.0043063094 -0.08900973 0.3885453 0.05320818 -0.20776781 -0.17106074 0.3519534 -0.27633268 -0.040704828 -0.16715297 -0.024097716 0.34153268 0.96419007 -0.23424205 0.13169323 -0.20911166 0.53054625 -0.15005192 0.16917755 -0.5754202 -0.2538614 0.10539623 -0.04996485 0.24771006 -0.080450006 0.22135133 0.19836912 0.4164405 0.59688437 -0.3424552 0.16150638 0.17362791 -0.34523466 0.029173538 -0.5799319 -0.22635265
2913 0.3325881 -0.50882614 0.55815005 0.0142702265 -0.02606673 -0.5980781 0.0493527 -0.15683383 -0.07925094 0.034043804 0.5416619 -0.07073849 -0.32330436 -0.1370015 0.15253943 -0.16080602 -0.6266666 0.6071283 -0.28571936 0.27618378 1.0939994 0.7795639 -0.31063825 0.25735492 -0.46698308 -0.004657822 -0.3575104 0.6499403 0.410634 -0.11966762 -0.48086768 -0.090059645 0.5477955 0.8069888 0.48302826 -0.009857716 0.45430073 -0.3088152 0.55096686 0.96770453 0.03409854 -0.014471841 0.09755276 0.08319161 -0.18225649 0.5549674 0.23125628 0.44655067 -0.27597895 -0.08517514 0.30626687 0.07434175 0.024160128 0.3749296 -0.0737158 0.5216361 0.30293053 -0.21358679 -0.6053778 -0.12945566 -0.02727757 -0.5267531 0.4203455 -0.18351462 0.53432274 -0.48954648 0.5763068 0.39358848 -0.13317765 0.097614184 0.33385107 -0.07164842 -0.63436216 -0.14438015 0.006805054 -0.059366323 -0.2960015 -0.45574397 -0.43837535 0.1555162 0.16415727 -0.5223073 0.17056385 0.8920713 0.19626437 0.616187 0.049080476 -0.38585562 0.19821134 0.77183783 0.14213654 0.17187563 -0.10707584 0.29402775 0.8264214 -0.48932728 -0.8790052 -0.57308257 -0.107207246 -0.5155184 -0.46519384 -0.33656996 0.3531778 -0.035282135 -0.1681298 -0.14867693 0.6891261 -0.33230293 -0.10848487 -0.11859497 -0.19678241 -0.38201386 0.066654116 -0.0010656163 0.19262424 -0.22185208 0.1014127 0.70529145 -0.34781423 -0.655079 -0.075021684 0.34371793 -0.15849869 0.43437764 -0.3073534 -0.3679003 0.08565471 -0.17606172
4716 0.30777666 -0.7566071 0.56520087 0.22497234 0.25648412 -0.61396736 0.07392777 -0.13391443 -0.26639447 -0.021363376 0.6915468 -0.11538392 -0.42284998 -0.22869126 0.28646424 -0.20019402 -0.6489315 0.6196467 -0.2922423 0.65069175 1.2699462 0.7178136 -0.5872568 0.100425996 -0.6403324 -0.023228606 -0.50092125 0.7667262 0.3214816 -0.21808884 -0.23564695 -0.0012599491 0.69370985 0.9392264 0.5037244 -0.21069483 0.3226947 -0.55117327 0.43849653 1.199508 -0.02754961 -0.055726387 0.13000026 0.23148775 -0.2175159 0.52139944 0.47322682 0.63789004 -0.3037349 0.023059981 0.418111 0.17749791 0.06368019 0.47371247 -0.1503092 0.432266 0.46856552 -0.26178282 -0.6022658 -0.077261634 0.09169212 -0.8172008 0.48358798 -0.41151842 0.45174378 -0.46604237 0.74136055 0.57411444 -0.17390157 0.33198276 0.38083518 -0.3200894 -0.59176034 -0.20764661 0.16502915 -0.12340174 -0.49900374 -0.78761894 -0.5295123 0.18498044 0.12887777 -0.7453743 0.1556462 0.9788053 0.24226616 0.7867476 0.07357415 -0.2800449 0.25470763 0.8155656 0.17662689 0.22574022 -0.16343999 0.3366313 0.8025097 -0.5472538 -0.73259056 -0.48049238 -0.29744166 -0.6182349 -0.5354397 -0.4256645 0.273599 -0.2478651 -0.21967527 -0.04312957 0.71567816 -0.3455817 -0.07347152 -0.1197106 -0.21034732 -0.35132945 0.20706198 -0.14386961 0.3405852 -0.4038095 0.10525159 0.6389469 -0.5533669 -0.87234217 -0.21782303 0.44912535 -0.05491305 0.36463714 -0.38761276 -0.20452872 0.37571427 -0.0791173
4107 0.47381702 -0.23079202 -0.018423608 -0.028760705 0.56853616 0.7449205 -0.27764308 0.05432933 -0.6835813 0.103158146 0.3425473 -0.11988061 -0.34364524 0.06809047 0.3214334 -0.45560002 -0.46263984 -0.6792183 -0.50510734 -0.338427 0.31614584 -0.11601416 -0.41257682 0.09969957 -0.35795695 0.07171712 0.1921626 0.6096938 0.7008175 -0.21806124 -0.13918751 0.82789475 -0.33922935 0.030485548 0.07575881 -0.14934792 -0.0780239 -0.007714802 -0.041551072 0.37408805 0.43376398 0.08499673 0.08388338 0.059995398 -0.055761818 -0.10656009 -0.23432909 0.07934337 -0.31320062 0.30742207 0.57074 0.11372462 0.041914333 0.42550388 0.20401345 -0.32929674 0.7524027 -0.518478 -0.4789592 -0.017267855 -0.25683916 -0.07322564 0.35956153 0.28125197 0.1423684 -0.45224825 0.26675466 0.45002577 -0.24832773 -0.2192528 -0.13284925 0.68519735 0.052750003 -0.026068803 -0.36061785 -0.44512454 -0.23343863 0.16981459 -0.7045687 0.7478048 -0.23042028 0.04440552 0.17085408 -0.010499818 0.5774926 0.7073822 0.043663345 0.3121086 0.09898991 0.29895517 0.04691149 -0.42560515 0.25123236 -0.32518223 0.22759712 0.031437613 -0.04419593 -0.2093107 -0.38798013 -0.4060427 0.29413822 -0.03902796 -0.54222566 0.48080313 0.9995163 -0.8673852 -0.19488299 -0.021083327 0.7615792 0.22634235 -0.04686297 -0.35339957 0.19205911 0.15401421 0.29544678 0.38211596 0.039736647 0.3620468 0.36491215 0.06480952 0.5154457 -0.19291976 -0.40174016 0.37562144 -0.04354191 -0.62069154 -0.57874984 -0.19503239
4428 0.63240963 -0.35738277 -0.2523084 -0.09688548 0.55066586 0.536897 -0.2343392 0.47888023 -0.45965266 0.20566556 0.51581 -0.08609927 -0.05653227 0.065859005 0.7080898 -0.462162 -0.69436884 -0.09187338 -0.5420618 0.006753255 0.89903235 -0.24459869 -0.81858754 -0.098783776 -0.6275553 -0.10372274 0.019292053 0.65025634 1.5521889 -0.0914803 -0.1950027 1.2584716 -0.18652478 0.07829989 -0.13273951 -0.07235369 0.14941199 -0.019783113 -0.084934525 0.36244783 0.3386866 0.6017996 0.10012879 0.058978524 0.024063008 -0.20712596 -0.5563634 0.07908314 -0.32449356 0.5849319 0.8245706 -0.13015753 0.23412518 0.8311492 0.2876681 -0.007668904 0.8535377 -0.30414644 -0.8361761 -0.4292141 -0.44774672 -0.08765464 0.23894311 -0.045446415 0.49436876 -0.50227356 0.46821648 0.33242896 0.02767945 -0.30522257 -0.16750252 0.8388947 -0.2979593 0.18667245 -0.33256453 -0.63790166 -0.43393582 0.2905229 -0.7853035 1.1214069 -0.45315343 -0.37344533 0.11843857 -0.028357038 1.167272 1.0331371 0.22127593 0.27072874 0.30213815 0.48152912 0.018661201 -0.5977524 -0.13708363 -0.21086411 0.6504915 0.05601433 0.08271267 -0.21916914 -0.31363475 -0.37432873 -0.06315057 0.014029838 -0.61952543 0.027668193 1.2159728 -0.8231815 -0.34753504 -0.16258532 0.6187539 0.3577831 0.3455178 -0.32872206 0.030227074 0.5274789 0.5246568 0.17409654 -0.007190678 0.3985479 0.37537247 0.20039697 0.44568622 -0.36697167 -0.61708015 0.21460553 -0.08474178 -0.8292429 -0.63376874 -0.18121551
5995 0.14801769 -0.890684 0.3445839 -0.540938 -0.15571718 -0.047295295 -0.20705673 -0.088429004 -0.64254016 0.029491827 0.56979275 0.1689239 -0.71071017 0.05481335 0.23785058 -0.54382014 -0.43017524 0.48183334 0.27316734 -0.2478894 0.5668217 -0.34155357 -0.50643414 0.43600395 -0.28726816 0.34120402 0.20399025 0.2597692 0.7416509 -0.4481028 -0.4392961 0.27662262 0.34615633 0.22281387 0.1602447 0.11433123 0.085377805 0.030903308 -0.1363505 -0.009701577 0.11807983 0.72730994 -0.63353664 0.21139358 0.57037985 -0.46028343 -0.30292094 -0.06061182 -0.10642627 0.52760077 0.27840725 -0.21325664 0.19856338 0.63025916 -0.015966631 0.27212447 0.08061076 -0.41541606 -0.2498122 0.29903305 0.27535233 0.2319956 0.5652178 0.327527 -0.31552383 -0.023176035 0.030151684 0.36396986 0.06224595 -0.22079569 0.07628779 -0.24178945 -0.076773696 -0.37631974 -0.336791 0.3262029 -0.4167996 0.14553925 -0.3079823 0.35560042 -0.4220459 -0.2558274 0.7033472 0.274526 0.38754618 -0.06992165 0.21231256 -0.5884374 0.21428658 0.09175251 -0.31055626 -0.17771225 0.14604585 -0.0487004 0.64846 0.14973782 -0.25460026 -0.070301175 0.03082394 -0.18997236 -0.13928825 0.14938296 -0.57019985 0.18404253 0.890076 -0.02824964 -0.20674966 -0.3085423 0.18928476 -0.2982682 0.2914576 -0.32084745 0.09914045 0.0021068484 -0.29474157 -0.3230391 0.14463487 0.05722517 0.16583972 0.41572094 0.085006006 -0.06886696 -0.62718916 0.3100515 -0.282876 -0.5842875 -0.55536205 -0.15616904
7716 0.08126709 -0.24755803 0.30242944 -0.017948236 -0.19468641 0.09451282 -0.1080469 0.25808632 -0.26370227 0.35711154 0.57587177 0.06884684 -0.41913196 0.4659454 -0.010143442 -0.3146911 0.03894452 0.40364704 -0.21357399 -0.3166719 0.6467939 -0.09903174 -0.36847818 -0.008418482 -0.004964722 -0.23700263 -0.1086012 0.4091285 0.43290615 -0.06758918 -0.42374444 0.76116514 0.4315127 0.12083829 0.31412426 -0.0918476 0.6529519 -0.11526065 -0.029481709 0.36849105 0.05380241 0.7721392 -0.6544766 0.13088797 -0.2611511 0.09191391 -0.5878298 0.60588616 -0.10666112 0.60377544 0.1293895 0.22624646 0.26954004 0.67146736 0.24727616 0.26291883 0.021646265 0.101449125 -0.64425665 0.16507944 -0.43222335 0.19429857 0.1215212 0.17407817 0.31739932 -0.0126606645 0.05500888 0.38889953 -0.014352438 -0.47041985 0.107732795 0.05654898 0.095002465 -0.53206867 -0.012833073 0.15374814 -0.3007311 -0.2797659 -0.88911563 -0.51149565 -0.17261904 -0.08352635 0.15983355 0.19079094 0.03290203 0.71527237 0.025572775 -0.4507602 -0.47968432 0.30902192 -0.104867905 -0.25272483 0.05208801 -0.16503082 0.5523113 0.055367917 -0.13444486 -0.22469492 0.41548514 -0.28509486 -0.20219009 -0.20144236 0.054264445 0.28862432 0.9385308 -0.3960457 -0.048495986 -0.10122572 0.44962794 -0.23235424 0.21973267 -0.61665565 -0.36943856 0.06561845 -0.0695309 0.20724198 -0.1088983 0.2821805 0.09074762 0.2789378 0.42471257 -0.40232655 0.13330713 0.07608725 -0.20263952 -0.018696917 -0.551977 -0.10629322
7825 -0.08500273 -0.25637543 0.4232047 -0.17455937 -0.2727602 0.3173317 -0.19368353 0.19070019 -0.26603106 0.372074 0.47138587 0.014754301 -0.5352732 0.47457165 -0.15006621 -0.37513167 0.028273942 0.34200162 -0.0995721 -0.43970627 0.387292 -0.12660028 -0.406995 -0.02065622 -0.08260681 -0.35574764 -0.0011862372 0.2804937 0.31276312 -0.08392728 -0.4211215 0.72374964 0.30677876 0.0028393194 0.4143432 -0.09027138 0.44862083 -0.027989507 -0.097544275 0.2555616 0.120521985 0.6449326 -0.74179375 0.17279245 -0.2906919 0.13718851 -0.5207915 0.48015603 0.020915106 0.5447141 -0.009908604 0.33029938 0.12795404 0.6258198 0.2098877 0.194258 -0.05176739 0.079189904 -0.4981558 0.18618177 -0.2831201 0.1732544 0.12988472 0.24132027 0.3070115 0.029110946 -0.08571784 0.46644446 0.07045684 -0.46246463 0.1439964 0.034126546 0.13839571 -0.52639747 -0.018611897 0.23376437 -0.36314836 -0.3857483 -0.8486617 -0.54580915 -0.15262106 0.03916407 0.21512967 0.13900189 -0.08992467 0.65133244 -0.06241378 -0.41765726 -0.4829507 0.1278998 -0.11919664 -0.17238833 0.03053129 -0.08231245 0.38573223 0.07428008 -0.21395192 -0.1653327 0.37891832 -0.2679194 -0.054392934 -0.16139236 -0.0018771875 0.347534 0.96992576 -0.25993517 0.09762982 -0.21194176 0.5150986 -0.17603937 0.1813613 -0.5809654 -0.2717957 0.11205409 -0.043884978 0.27411714 -0.09958481 0.22701919 0.19210155 0.42202365 0.5881517 -0.3592293 0.20025784 0.1671153 -0.31547648 0.0052860756 -0.564083 -0.2053011
8464 0.19958878 -0.14260547 0.51315475 0.21170257 0.47253338 -0.124925576 0.41379142 -0.044051558 -0.03722697 0.2859348 0.6559177 -0.097652934 0.18444464 -0.068825565 -0.15561302 0.037719518 -0.6771524 0.69904435 0.43139353 0.555905 0.5957472 -0.06689994 -0.7918262 -0.8371966 -0.70686203 -0.35239524 -0.18581046 0.5262967 0.1563996 0.26700726 0.30177018 0.86354846 0.5153779 0.17774999 -0.06063422 -0.55830413 -0.02403184 0.20095125 -0.24622202 0.3161474 0.0048010573 0.7243304 -0.548247 0.10432654 0.090925016 0.3525157 0.072229855 0.18894249 -0.64506924 0.8395095 -0.043669138 0.42243004 0.12596048 0.45371267 -0.32268235 0.026051547 0.11153096 0.27995408 -0.30909714 -0.2672547 -0.008667115 -0.258903 0.42882484 -0.1989263 -0.053556666 -0.42181256 -0.14094183 0.3960354 0.12439926 0.5473251 -0.37906402 0.20856017 -0.053922787 0.6456526 -0.05128353 -0.34777644 -0.6815505 -0.31795976 -0.7733556 0.12735178 -0.347661 -0.39545637 -0.15859403 -0.018244918 0.8128829 0.742558 0.536802 -0.4657195 0.019316355 0.08701604 0.0985054 -0.15019941 -0.3058824 0.10508877 -0.005518307 0.030281773 0.4558421 0.06564123 0.08711746 -0.11955552 -0.42608213 -0.47019717 -0.1609008 -0.3686349 0.024535175 -0.06548888 -0.3725467 0.08312423 0.021876695 0.2718388 0.52020824 -0.12195678 -0.18799601 -0.020540886 0.13571034 -0.49146533 0.7567666 0.07154101 -0.319616 0.2308912 0.29643247 -0.06415503 -0.15085258 -0.080719486 -0.2723518 -0.18707007 0.29413286 0.22447819
8170 0.29321986 -0.13295275 0.7746139 0.08289896 0.6248778 -0.16713838 0.43808693 -0.10157703 -0.11641405 0.41720518 0.83755684 -0.062564075 0.1346757 -0.08129523 -0.31123197 0.056128345 -1.0074049 0.64037085 0.47435147 0.51652586 0.7800306 0.035940833 -0.7106217 -0.9355754 -0.7860804 -0.19922039 -0.14278835 0.8164159 0.24412085 0.20368333 0.23869441 0.8644427 0.39552695 0.19949824 -0.06283229 -0.5665195 -0.09134314 0.23931935 -0.13992648 0.42296454 0.050611712 0.8404465 -0.62945765 -0.046976306 0.202802 0.6605543 0.1241644 0.118267216 -0.9135969 0.8376984 -0.021768877 0.67181575 0.0982615 0.47663134 -0.33801904 -0.10574886 0.27096733 0.21354255 -0.3071592 -0.3618179 0.032944787 -0.36775687 0.62576586 -0.07942249 0.045530025 -0.6421239 -0.1501188 0.5778026 0.105875246 0.6144709 -0.60578126 0.40993288 -0.08056064 0.75638866 -0.17811298 -0.6549748 -0.8725061 -0.14535452 -0.94560075 0.3353372 -0.36660862 -0.3343136 -0.15307859 0.14559747 1.1765498 0.8731747 0.68274176 -0.67374736 0.06194698 0.16394606 0.17656101 -0.2767106 -0.14534943 0.08479837 -0.037653558 -0.036782146 0.44793582 -0.094670825 0.07049273 -0.22620271 -0.6004235 -0.47170547 -0.16770084 -0.23105173 -0.0013109755 -0.2969353 -0.5894334 0.06323574 0.1463365 0.19620897 0.454714 -0.30639386 -0.19618808 -0.061363295 0.1747865 -0.40355375 1.0718933 0.2673518 -0.3175056 0.22123769 0.24997261 0.013865993 -0.29038605 0.08873507 -0.4481582 -0.49615905 0.20487858 0.06693976
8466 0.32877707 0.022126634 0.6698951 -0.069519065 0.33662686 -0.21285655 0.3824182 -0.17785849 -0.0107848365 0.4000178 0.6809775 -0.089613885 0.09281574 0.06267144 -0.3799624 0.02589941 -0.87641895 0.57232463 0.33185336 0.26096803 0.7320976 0.11116424 -0.44405934 -0.6170364 -0.6025001 -0.123776905 -0.14010243 0.6461796 0.21452656 0.19521151 -0.0409943 0.6353066 0.3512065 0.178067 -0.0126218395 -0.39514902 0.1205817 0.32356125 0.0011125101 0.3076691 0.039140664 0.743786 -0.5811442 -0.11298479 0.11445596 0.6320661 -0.014912936 0.016203197 -0.7886218 0.6451104 -0.126075 0.53265536 0.12563896 0.35621884 -0.17652066 0.07652794 0.15400302 0.21353829 -0.38485685 -0.33593982 -0.040275488 -0.18074974 0.51299167 0.122986875 0.11077139 -0.54963446 -0.12335824 0.4138006 0.067183 0.3442263 -0.4803633 0.52712286 -0.13724445 0.68736106 -0.26505134 -0.51678807 -0.64946496 -0.0023693345 -0.77601475 0.24997891 -0.24551897 -0.22841617 -0.10523078 0.100194134 0.9230813 0.69111085 0.59291065 -0.6523119 0.0034988946 0.1727443 0.16534132 -0.23280007 -0.107820004 0.07514349 0.1463747 -0.054046895 0.11955967 -0.19149452 0.1438612 -0.13323224 -0.52780044 -0.39042342 -0.029630171 -0.0066527585 0.006351452 -0.3352001 -0.43701565 0.004578719 0.07917651 0.11796449 0.37278044 -0.2990893 -0.2702132 -0.030463088 0.04447296 -0.23243691 0.89012015 0.4252644 -0.15034567 0.2790244 0.29601678 -0.029641211 -0.3137763 0.15304321 -0.31011015 -0.54750746 0.050651904 0.090632014
8467 0.26314276 -0.1586234 0.50133 0.060518343 0.56131035 -0.10571104 0.35662964 -0.20698576 -0.112394296 0.27053913 0.6271412 -0.00942175 0.10398121 -0.15932101 -0.20993114 0.042636614 -0.82956123 0.37187746 0.32959566 0.35162172 0.63092417 -0.070475005 -0.54181015 -0.7711268 -0.65627056 -0.037176464 -0.08351432 0.63133377 0.17966764 0.11015575 0.3156986 0.61434704 0.2521235 0.10514343 -0.12318397 -0.46128282 -0.20837842 0.16641766 -0.13277346 0.36056226 0.05076535 0.6012796 -0.4967101 -0.08090708 0.15807533 0.4665696 0.23168601 0.0032464191 -0.7057568 0.56807065 -0.058451053 0.47982103 0.07083257 0.34183753 -0.22301231 -0.14251944 0.25053048 0.094157286 -0.22567803 -0.27292323 0.20390551 -0.31203946 0.41795996 -0.001019442 -0.08719772 -0.49257126 -0.037654392 0.46594384 -0.03272037 0.5133939 -0.52962315 0.20666644 0.019947752 0.62923455 -0.13762742 -0.50943816 -0.6924534 -0.06896166 -0.60474175 0.32527313 -0.2183685 -0.25693613 -0.114614345 0.081887394 0.9303868 0.63483864 0.4964864 -0.51073813 0.08636655 0.08135992 0.07439733 -0.09665461 -0.003247935 0.019450104 -0.049126484 -0.01838157 0.42477173 -0.057893608 -0.10235894 -0.17175432 -0.43887594 -0.3075926 -0.19273481 -0.22629713 -0.0056300866 -0.2647675 -0.56796265 0.002917436 0.23619325 0.15886582 0.32848418 -0.14109664 -0.078715794 -0.10918258 0.1903771 -0.33642522 0.78625387 0.1349176 -0.29769313 0.07673027 0.1442728 0.067885414 -0.24081019 0.07657086 -0.359393 -0.3834156 0.30120954 0.007902777
8624 0.16280848 -0.19317858 0.5791085 -0.040868796 -0.18468069 -0.05873425 0.5090108 -0.20777526 -0.35575044 -0.030300297 0.33368975 -0.27607915 0.1563604 0.76766914 0.36545473 -0.023516564 -0.049031164 0.27860105 0.3076696 0.12255338 0.49254084 0.4557819 -1.100393 0.045631506 -0.12170627 -0.43735847 -0.17412794 0.63134724 0.08601993 -0.04567859 -0.20465502 0.17516266 0.4605413 0.13518687 0.539512 0.1761035 0.5662436 -0.0915365 -0.10217311 -0.16378862 0.3229573 0.2397271 -0.033258565 0.5212005 0.54695684 0.009732686 -0.34950557 0.05639677 -0.18641023 0.84030247 0.42524248 0.49363524 0.25646597 -0.41822383 -0.04269417 0.036589555 -0.019944532 0.7713647 -0.38807458 0.111271195 -0.799472 -0.034658857 0.54488015 0.20705609 -0.22487259 -0.11177784 -0.386853 -0.1250969 -0.0037201473 0.044934016 0.1937128 0.34410736 -0.6000187 0.08515661 0.13803585 -0.4009744 0.04575619 -0.28758103 -0.045979742 0.11306812 0.19482367 -0.41403866 0.37263206 0.6369635 0.768456 0.6258966 0.47074196 -0.53102106 0.17926551 0.18374565 -0.090454325 -0.16487701 -0.0625915 0.4955059 0.49431208 0.5455292 -0.16962898 -0.039135974 -0.3669352 -0.13596854 -0.11182498 -0.1277546 -0.051343642 0.58995193 0.106327005 0.036368564 0.05368329 0.13715735 -0.2547165 0.25277433 0.31260765 -0.0013845799 -0.51896787 -0.23431069 -0.7875714 -0.40864265 0.6751006 0.51811296 -0.41497868 0.04568416 0.38252035 0.19896945 -0.45600587 -0.18070608 0.20564166 -0.109873824 -0.54334605 0.7176613
8028 0.10354457 -0.33149135 1.008985 -0.12950106 -0.35345522 0.041568704 0.55043274 -0.22382444 -0.35080373 0.060465354 0.34014666 -0.4419208 0.028480297 1.0338231 0.36184645 -0.112262055 -0.11749782 0.50913405 0.47412398 0.23350298 0.5910977 0.709084 -1.445444 0.103894345 -0.33003616 -0.7718962 -0.21113516 0.7381026 0.11897657 -0.09283627 -0.41626847 0.25601682 0.6105514 0.21119216 0.845236 0.20087343 0.7984875 -0.0867049 -0.116926216 -0.18747431 0.339423 0.21920207 -0.12367056 0.70392126 0.705463 0.2514818 -0.40068296 0.11084485 -0.19693959 1.1721404 0.42356554 0.8290414 0.21308655 -0.5037124 -0.098477416 0.14647523 -0.00835056 1.0308436 -0.44372272 -0.013909125 -0.99886537 -0.12063273 0.82928693 0.27924243 -0.09533362 -0.16736001 -0.48283055 -0.051987145 0.0774829 0.045461763 0.40474835 0.5858572 -0.8975589 0.09697281 0.1192873 -0.4409407 -0.12116691 -0.51187086 -0.22635576 0.14691447 0.2780383 -0.44656584 0.5546338 0.8453366 0.89137286 0.9181265 0.59845155 -0.75852937 0.27266446 0.2238507 -0.04280181 -0.27115908 -0.22575921 0.65023744 0.61284983 0.72955996 -0.43347466 -0.0709945 -0.40946108 -0.23452045 -0.05534868 -0.16622338 -0.03564961 0.8104722 0.1417967 0.22401927 0.36818933 0.09090683 -0.37967235 0.3301281 0.2918772 -0.043405514 -0.64504534 -0.2125621 -1.0114344 -0.49490684 0.9067218 0.75801224 -0.44590917 0.21504156 0.6252757 0.24983083 -0.5596713 -0.12376803 0.15232863 -0.081859104 -0.73643523 0.8784713
8839 0.08558529 -0.5223694 0.6253826 0.03973386 0.015782421 -0.4050738 0.018080557 -0.13712133 -0.106545135 0.019260423 0.44460502 -0.06792583 -0.36502695 -0.18687198 0.039242618 -0.18177094 -0.52385706 0.489804 -0.10487363 0.3303408 0.804194 0.65915287 -0.37601072 0.06777664 -0.5185126 -0.12895337 -0.26863873 0.5841564 0.15528177 -0.1665218 -0.25553396 -0.13434088 0.4330717 0.6693779 0.48573256 -0.08090936 0.20823525 -0.3336912 0.38547298 0.8556141 0.021903878 -0.15379134 0.024734363 0.13522759 -0.14328028 0.5740654 0.41281998 0.38397866 -0.1605942 -0.072528794 0.18725084 0.25642404 -0.11738445 0.2815963 -0.12383628 0.2971735 0.25196406 -0.19836813 -0.34293106 -0.102443054 0.14216027 -0.61003876 0.41133717 -0.20020384 0.407511 -0.37790465 0.45921254 0.49408183 -0.08680854 0.22313403 0.33778062 -0.20683882 -0.517665 -0.15804942 0.11817579 -0.007907343 -0.34748346 -0.6380196 -0.34863305 0.07362564 0.18895993 -0.39821324 0.18597794 0.8274184 0.093525104 0.58087265 -0.0033254365 -0.33288908 0.1994523 0.51834667 0.17032437 0.19525409 -0.10165205 0.31876618 0.5363304 -0.3886372 -0.7229015 -0.41874698 -0.173162 -0.46094987 -0.3516246 -0.26250738 0.31728074 -0.079440266 -0.20617794 0.03657219 0.7023556 -0.36424205 -0.04827068 -0.08772847 -0.24458754 -0.2719673 0.17621651 -0.026956564 0.23594078 -0.20540515 0.14423345 0.5288217 -0.36594522 -0.59881717 -0.049160384 0.4597519 0.02716843 0.39583904 -0.38129604 -0.19928232 0.25094128 -0.18616721
9410 0.5365689 -0.33910114 -0.20599636 0.09542436 0.72296935 0.12825829 0.013571673 0.20925674 -0.08706972 0.030689064 0.11675627 -0.23023146 -0.34517547 0.290091 0.2661036 0.19836581 -0.5977521 0.32146823 -0.25835818 1.0426359 0.5862422 -0.1044031 -0.47368962 0.045607816 -0.69180244 0.18675308 -0.14006619 0.1660048 -0.06878265 0.22960557 0.09991439 0.3696908 0.59148365 0.33278525 0.049741823 -0.47097257 -0.31642526 -0.15035892 -0.019318867 0.38929272 -0.6371542 0.24965863 -0.08977148 0.16836603 -0.048847564 -0.3471917 0.115564115 0.7745471 -0.52099013 0.837517 0.20829883 0.2339732 0.43649045 0.21761957 -0.74942553 0.4121034 0.50453264 0.38147643 -0.061753724 0.08444857 -0.77817494 -0.07431848 0.34553748 -0.4533057 -0.14273128 0.21884511 0.19878444 0.06644577 -0.21167526 0.74782944 -0.15255237 0.27018684 0.5769111 0.14492543 -0.0003765299 -0.12775281 -0.47408617 0.13428764 -0.75602067 0.46388263 -0.1294668 -0.78035134 0.02913591 -0.02942199 0.101548165 0.000102092454 0.3336534 0.20547809 -0.04908355 0.16995844 0.22204909 -0.46013144 -0.21947458 -0.22704266 0.025856623 -0.09182751 0.002561927 0.22546022 0.122476116 -0.764747 -0.37858605 -0.69609326 -0.77157795 -0.029338494 0.08430137 -0.05659949 0.084063984 0.37957907 -0.50696844 0.2336612 -0.01971829 -0.004796675 -0.20149297 -0.05658515 -0.2077129 -0.9768342 0.1214192 0.013714756 0.07756952 0.12260279 0.082751185 -0.25275522 -0.15003249 0.0043834103 0.29455167 0.24898392 0.057616014 0.3405582
7054 0.5113518 -0.5298731 -0.05797542 -0.0057552205 0.94851583 0.4274966 -0.24914631 0.40064567 -0.093899265 0.106898196 0.0009107994 -0.21646002 -0.6211627 0.44712085 0.23648542 0.158144 -0.7091019 0.3667541 -0.3481568 1.4247074 0.616255 -0.2772149 -0.55876756 0.06667305 -0.9543114 0.111258574 -0.100158304 0.21779051 -0.13790148 0.13089591 0.1361514 0.500341 0.66355586 0.3308238 0.21680963 -0.5858103 -0.4844645 -0.21823354 -0.059788983 0.43807882 -0.90153164 0.2717157 -0.2670634 0.1906621 -0.0022716902 -0.34447747 0.25331727 1.0168567 -0.5995547 1.1919755 0.16443413 0.5465318 0.49909598 0.3463628 -0.9695279 0.5443407 0.6411715 0.49570328 0.10898649 0.11719833 -0.9508705 -0.056618966 0.53205764 -0.3318 -0.15421537 0.3902443 0.29189703 0.27067125 -0.17550962 0.9812926 -0.047327705 0.3763226 0.89427125 0.010439391 0.004562763 -0.109336875 -0.74224854 0.08388118 -0.99148357 0.65925723 -0.12892444 -0.9149033 0.1573216 -0.0020190312 -0.008140824 0.054599006 0.39779735 0.31160232 -0.035306845 0.003814164 0.34864324 -0.7101648 -0.33445135 -0.33047527 -0.09008758 -0.023851853 -0.050334387 0.2631438 0.18568502 -1.0731369 -0.3502707 -0.73597664 -1.0729332 0.09038334 0.23225132 0.06653686 0.29713562 0.36390707 -0.534399 0.3498315 -0.1843806 0.04943572 -0.2577944 -0.057602044 -0.24176674 -1.2359647 0.18095338 -0.029677862 0.3151024 0.31880382 0.2500944 -0.3477826 -0.09563036 0.028850447 0.23150483 0.452834 0.042189952 0.31236112
623 0.23944801 -0.42558113 0.5266118 0.6579029 0.41603056 -0.13218985 0.18928608 0.18507926 0.048167024 0.063596435 0.5669257 -0.259536 -0.26952198 0.70578873 0.27063712 -0.060812037 -0.25580803 0.6819028 0.19673374 -0.5030755 1.1589948 0.7762029 -0.9009871 0.10732662 -0.14711276 -0.47010043 -0.29444626 1.0506891 0.37267065 -0.2470882 -0.5623665 0.36239395 0.66517514 0.9788363 0.33212468 -0.13282596 0.84885824 -0.8035617 0.1788617 -0.0354441 0.5984739 0.57990247 -0.25349098 -0.2815553 0.16355827 -0.49129188 -0.6289626 1.21115 -0.86590827 0.6245099 0.80379105 -0.48058945 0.16121253 0.52558273 -0.629734 0.49172214 0.30791825 0.74660456 -0.90178454 0.101907395 -0.5590054 0.6400844 1.2004325 -0.1897578 -0.40740773 0.057180263 0.13218005 0.35726884 -0.75800854 -0.0021628144 -0.33111137 0.08862769 -0.4003013 -0.46651614 -0.35909882 -0.3479499 -0.11775056 -0.0877223 -0.89426917 -0.5322055 -0.6063048 -0.41485858 -0.21223785 -0.18710586 0.629012 0.8902224 0.71853876 -0.53821737 -0.34976706 0.93800086 -0.3668674 -0.37643525 -0.36663872 -0.4021714 -0.19586264 -0.16410945 0.631784 -0.14137253 -0.4348701 -0.0068629053 0.071841896 -0.7374655 -0.15044592 0.5730435 0.7939833 -0.4029837 0.17180684 0.111172706 -0.078748606 0.27935925 0.02849958 -0.48933414 -0.7936623 -0.9698393 -0.51929593 -0.58509505 0.19120301 0.49297264 -0.2644054 -0.8562198 -0.6731099 -0.25932097 -0.83108586 -0.030582808 0.30495983 0.054217245 -0.7753564 0.17872965
132 -0.60883075 -1.0815789 0.37334818 -0.4782759 -0.5547899 0.9145553 -0.5236998 0.48126712 -0.7678168 0.31285676 -0.11768641 0.6297618 -1.2556269 0.68951786 -0.35249937 -0.61019456 -0.17847775 0.21971194 0.41054904 0.72045577 0.09841683 -0.12822752 -0.33077967 0.17028391 -0.90341425 -1.0585408 0.002330382 -0.3584563 -0.10916461 -0.558578 0.27442408 0.38419122 -0.025517903 0.08519331 0.79994255 -0.29867387 -0.20849279 -0.64920527 -0.38094276 0.5750721 0.16366522 -0.3584488 -0.0350372 0.17904992 -0.0076556224 0.9625523 0.550564 0.6628765 -0.03737923 0.81912833 0.11494977 1.2241381 -0.19914258 0.21672787 -0.14855678 -0.6197863 0.4357614 -0.80138665 1.1166588 -0.038073234 -0.028329555 -0.7339698 0.21374133 -0.15282978 0.9791924 0.145547 -0.2362087 0.94757235 0.5323107 -0.1122265 0.45624572 0.24532527 0.5017605 -0.78556263 0.05496627 0.27004203 -1.412074 -0.91331774 -1.1020808 -0.054460984 0.54170173 0.055956908 0.68951875 0.09307538 0.44818914 0.31781623 -0.3627708 -0.06104024 -0.047794405 -1.0207107 0.28215313 -0.25147206 0.096344836 -0.19826284 -0.5350044 0.12759942 0.035896398 0.36125174 0.42983222 -0.97201747 -0.20511791 0.24393995 -0.30844295 0.10168487 0.39973205 0.625659 0.3376006 0.4410778 0.6357075 -0.041887656 -0.98570865 -0.021871438 0.2904447 0.9802598 0.0694321 0.60562676 -0.09920483 -0.18955985 0.51947385 0.30892795 0.24539311 0.2253393 0.1946669 1.0480152 -0.9638827 -0.2747025 0.20341289 -0.4858854
1719 -0.80761665 -0.8084741 -0.115999885 0.73679405 -0.38804972 0.91810507 -0.5781037 -0.39810115 0.12578553 -0.5120949 -0.4336902 0.057899643 -1.2669456 1.098372 0.13761355 -0.12019052 0.03752474 0.4503298 -0.14707533 0.32799518 -0.16209652 0.33148688 -0.56189394 -0.15256067 -0.6848477 -0.6036632 0.28869218 -0.2523041 -0.21149254 -0.27264333 -0.42333397 -0.49950853 -0.17741163 -0.1746265 0.5581824 0.3903649 -0.3376889 -0.2548469 -0.25566664 0.07448533 -0.06724419 0.21215071 0.5827744 0.70459706 -0.23786348 0.6594583 -0.0981364 0.58411777 -0.090289414 -0.11291952 0.7382344 0.25102726 0.09831389 -0.19162448 -0.124120496 -0.51110965 0.52565485 -0.27981296 0.26623794 0.061311856 -0.5214431 -0.25681475 0.9014878 -0.027641924 0.36247352 -0.20383865 0.032142833 0.24983147 -0.8031448 -0.47935373 -0.53247476 0.011436865 -1.049754 -0.5112967 0.41492993 -0.80880266 -0.6364151 -0.63340116 -0.9929473 -0.054052148 0.02183899 0.16643414 0.29767802 0.83431387 0.52459776 0.08710664 0.13078752 -0.64537597 -0.14879768 -0.64892226 0.8360209 0.03429954 0.17603666 0.052510772 0.39364403 0.10382272 -0.17856334 0.42427337 -0.26371655 -0.8248954 0.6502753 -0.49491847 -0.65788895 0.77288574 0.034145735 0.33323634 0.28206435 0.7523656 0.20597003 0.027354237 -0.15853477 -0.8678615 0.39329365 0.044894703 -0.6244169 0.12549834 0.6645547 -0.117900565 0.07440689 -0.08407201 0.16122505 0.7041823 0.008486761 0.020588031 -0.14268056 0.8754673 -0.0717074 -0.17898194
151 -0.5738872 -1.243151 -0.42428467 0.43110675 0.16166867 0.4133155 -0.28042746 0.31084472 -0.27933952 0.2711201 -0.37830698 -0.06258286 -1.0936027 0.2503926 1.2976941 1.0919297 -0.20801619 0.33389226 0.06216492 -0.31198964 0.5247487 0.88770354 -0.99043494 -0.42018884 0.20216571 -0.46847373 0.10917567 -0.062426418 0.66355634 0.25668353 0.046931334 0.13704565 -0.49715286 0.070694655 -0.6311743 0.53255904 0.36938468 -0.43715504 0.64035296 -0.5918184 0.28724542 -0.15066633 -0.21800782 0.7029211 0.014639956 0.059950124 -0.53900474 0.54821193 -0.4899148 0.06518151 0.22809948 0.80116194 0.14642529 0.15491651 -0.42215878 0.35458398 0.23758942 0.5639759 0.34837392 0.2293839 -0.061262093 -0.009153597 0.70973 -0.25083238 0.3526597 0.42005813 0.3572489 0.3893089 -0.007026115 -0.34395894 -0.43053785 -0.8538315 -0.64105994 -0.3704402 -0.627867 -0.23219877 -0.24442178 0.44442847 -0.1069234 0.6442002 -0.25449824 0.2528715 -0.30187064 -0.011525195 0.43032575 0.12393452 0.4961232 -0.2223177 0.13536492 0.29850647 -0.6424371 0.14718656 -0.24056754 -1.1259338 0.7872468 0.057436284 0.7721146 0.025946008 -0.25139326 -1.081801 0.052453794 0.9440743 -1.1008523 -0.39133984 0.19678248 0.46382698 -0.3335298 -0.10112498 0.26722357 0.029343436 0.39059907 -0.39317465 -0.52862877 0.42941162 -0.5153956 -0.38689515 -0.7977752 -0.6359712 0.54715794 -0.52432704 -0.7949077 0.15211014 -0.7066327 -0.36785462 -0.6526357 0.33326915 -0.41916537 0.42990166
4676 0.16491032 -1.1755754 -0.17353691 0.44056782 0.21864827 -0.42848846 0.12000298 0.33996797 -1.0471376 -0.48370218 0.40851232 -0.92357624 -0.5830658 0.3413531 0.7126511 -0.2314553 -0.32008576 0.6526328 -0.37736636 0.12023762 0.95973366 0.2664509 -1.3692049 0.12688246 0.09372579 -0.32952732 -0.50820285 0.14589688 -0.065210484 0.086374186 -0.5447823 0.42569885 -0.01664558 -0.2284141 -0.4258585 0.2688118 -0.3308271 -0.78805774 -0.46608624 -0.21312645 -0.34486976 0.020574199 0.12783448 -0.20544884 -0.40495402 0.0076482636 0.5567718 -0.17332383 -0.85108244 0.6437107 0.3733025 -0.3047107 0.6314527 -0.37415314 -0.5646478 -0.39693892 0.32215098 0.3075702 -0.016788937 0.14952932 0.45784417 -0.38120392 0.0109934425 -0.53044635 -0.0851754 0.3227399 -0.2723633 0.7271561 0.14449593 -0.03730885 -0.6539858 -0.13555264 -0.38645655 -0.24597955 -0.03838861 -0.6319892 -0.5925851 0.23598176 -0.27367523 -0.17333555 -0.26121497 -0.14273211 0.7657043 0.23208532 0.460409 0.7502486 0.15876445 -0.8500912 0.4058846 -0.4384536 0.36436197 -0.52300715 -0.30392277 0.52786213 0.12642363 0.6364582 0.25934285 -0.32856226 -0.5185283 -0.8485419 -0.52596545 -0.12050174 -0.3363937 0.78842807 0.028230945 -0.31783167 -0.19237384 0.21619542 0.19341819 -0.88292485 0.26144743 -0.70384264 -0.5382828 0.5159224 -0.37111902 -0.63690305 0.39186978 -0.3300146 -0.38818708 0.03853083 -0.5210607 -0.41911286 -0.43593007 0.5137474 0.06187106 0.6600451 -0.6961476 0.958375
1354 0.46004814 -0.34107015 0.6299277 0.7338013 0.35861644 -0.5834788 -0.23726459 0.09853065 -0.39810804 -0.19966146 0.1657973 0.10299855 0.19574878 0.55956227 0.10543215 0.26197335 -0.53646725 -0.14575094 0.19916572 -0.16015384 0.4232411 -0.06847008 -0.3219032 -0.47926664 0.17667024 -0.6058892 0.21481006 0.3084307 0.05338692 -0.47090098 -0.13651393 0.5446357 0.73946935 0.8425002 0.73488504 0.37947333 0.30901706 -0.973933 0.08282128 1.1545314 0.4817848 0.15830822 0.10671684 -0.051614445 0.29162797 0.5072036 -0.5485149 0.9296526 0.26856068 -0.1764664 0.534282 -0.052168973 0.63693386 -0.14543584 -0.0443889 0.44209146 0.6264246 0.23717095 -0.16925032 -0.36378133 0.10872863 0.6985651 0.9812446 0.122558266 1.0253029 -0.8656801 -0.21241339 0.70179695 0.035976175 -0.43441758 -0.30985105 -0.50171304 -0.40412673 -0.17007816 0.007439329 -0.79735816 -0.79366887 0.17148827 -0.8663523 -0.11394543 -0.15353887 -0.15484291 -0.20170337 0.73689824 0.20645852 1.0964744 -0.26626477 0.24984346 0.017263059 0.11009388 0.36841983 0.15464832 0.038788512 -0.28436226 -0.29241592 -0.05586124 -0.28022692 0.17594905 0.6021159 -0.43200225 -0.1547904 -0.29299533 -0.9454488 -0.07437832 0.3915423 -0.6100725 -0.5687461 0.85422057 0.42439428 0.19409941 0.56547064 -0.6271658 -0.2914372 -0.5501041 -0.8440785 -0.9704399 0.23998913 -0.054810084 -0.80222565 -0.85480314 0.5041223 0.09504362 -1.0260243 0.7550206 -0.7226586 -0.340647 0.34227344 0.24076094
1815 -0.43954158 -0.6711042 0.60280395 1.0878135 0.74381196 0.17765744 0.44552264 -0.61265135 -0.41850623 0.3358236 -0.27147168 0.013565202 -0.99272305 0.30707166 1.04273 0.8132907 -0.79038423 -0.6529003 0.7215951 0.31681845 -0.0621929 0.64909196 -1.121288 -0.4638169 0.36699688 0.35727167 -0.6853436 0.75836873 0.3511965 0.36077255 0.23014234 -0.16582184 0.19475321 -0.24329513 0.52598685 -0.14142923 -0.08135868 -0.33703065 0.24015385 0.29916844 -0.94123524 0.6382037 0.7961082 -0.2669538 0.7389769 -0.18244265 -0.2651787 0.10501105 0.087252125 0.38116774 0.7622504 0.9120788 -0.0813127 0.016641019 -0.28192967 0.337941 0.6744006 0.57650954 0.23455067 0.27891147 -0.3677803 0.034097437 -0.2205801 -0.6867288 0.013982152 0.43488812 -0.19424398 0.66458666 -0.5499895 0.71484673 0.021427708 0.19248125 -0.71086496 0.50654066 0.3137767 -1.2432852 -0.95903647 0.16895872 -0.51087964 -0.2284289 -0.28193367 -0.063464575 0.18440172 0.14804415 0.2603937 0.24645601 -0.027445631 -0.5041737 -0.4408983 0.28164122 0.60770524 -0.2213484 0.17490093 0.02017906 0.17552106 0.50397044 0.18616264 0.29287267 -0.08092054 -0.55285144 -0.24663247 0.5838708 0.072657265 0.83580154 0.2673346 0.0034951463 -0.6931718 -0.22230943 -0.10114471 -0.90863 0.28180635 -1.219531 -0.1607981 -0.20377792 -0.1200488 -0.36824262 0.29251254 -0.05360439 -0.49510574 -0.6368381 -0.7861356 0.342455 -0.14027412 0.685896 -0.020899018 0.16929795 -0.048630547 0.77703893
3757 -0.33599108 -0.6698266 0.32533863 -0.26682985 0.4097067 0.9355989 -0.9325957 0.76585376 -0.52822924 0.113060795 0.27383515 0.7614726 -0.23090257 -0.7083318 -0.17853627 -0.73355544 0.6267748 0.008959577 0.098850295 0.16566119 -0.4122598 0.33306786 0.1559864 0.25957245 -0.64665955 -0.25980344 0.6686628 0.4006253 0.36639532 -0.48358905 -0.20525195 0.455299 0.5167558 -0.067686826 -0.29616198 0.5262169 0.5724301 -0.73799473 -0.32915407 0.51828265 -0.35059536 0.3155972 0.3180927 0.23837063 -0.057493236 0.47364217 -0.009265862 1.0667901 -0.65151256 0.73096156 0.38763538 -0.28885788 -0.45421293 0.46621522 -0.84776896 -0.13762458 0.13602331 -0.64796495 0.85146415 0.08865792 -0.51418513 0.19328003 0.34124094 -0.44336623 0.6486665 -0.2949023 -0.03716844 0.80227 0.08615295 0.37384993 0.64064026 -0.2258015 0.040794242 -1.2001256 0.17554225 0.51143867 -0.166482 0.12561159 -1.4154735 0.28766945 -0.08813438 -0.4747652 0.24520579 0.6748109 0.3163134 0.56658286 -0.22786582 -0.92322206 0.5845856 0.21379727 0.013417823 0.068770796 0.3098863 -0.40276876 -0.22543852 -0.054667767 0.48966068 -0.04878315 0.5294906 -0.9602605 0.08251177 -0.34659857 -0.54273903 -0.27097666 0.08331281 -0.33492193 0.651851 0.012183961 0.036461506 -0.53533 -0.6120856 -0.91960067 0.28463474 -0.34477866 -0.715657 -0.068911366 0.42313138 -0.36232653 0.49171394 -0.68911433 0.37182182 -0.25002402 -0.77537066 0.72488844 -0.9752916 -0.005382508 -1.0910872 -0.35883054
180 -0.45115674 -0.3295623 0.15144213 0.85399866 0.6420251 0.2135546 -0.27821308 -0.10532851 0.24022873 -0.17978632 -0.2867505 0.53218675 0.34603637 0.36456925 1.3180608 0.05906178 0.041699853 0.030988218 -0.35159943 0.61322725 0.52358985 1.0980492 -0.18906677 0.5829469 -0.26841098 -0.23910639 0.5737657 0.28840423 1.487131 -0.54893106 -0.44237778 1.290512 -0.027365627 -0.13061832 0.997386 0.16565841 -0.0021897298 -0.26302683 -0.15062568 0.7309627 -0.35658628 -0.21585846 0.7084903 0.5333785 0.3214234 0.040315438 -0.12096588 0.32599714 0.2704448 0.086443074 1.2165589 0.24744709 -0.03195031 0.30282506 -0.6578149 0.14311337 0.599769 -0.053091563 0.46983466 -0.02286161 -0.49372107 0.24231632 0.15627487 -0.69823575 0.32249883 -0.24981746 -0.20677534 0.35874993 0.0832982 0.26125252 -0.013925264 -0.04559486 -0.88261896 -0.97317046 0.16426188 0.44272697 -0.40352574 0.4449745 -1.0399891 0.8703672 0.10240255 -0.30481938 -0.11884081 0.25800103 0.89045393 -0.15887451 0.2917025 0.06391605 0.16819006 0.7397544 -0.15564229 -1.2162564 0.058261845 -1.4603297 0.5330265 0.424653 0.6382804 0.8774428 0.014870915 -0.06443781 0.15995249 0.30321282 -0.5012383 -0.27986097 0.012518451 0.17596376 0.32463047 0.5844322 -0.29301792 0.38529387 0.06867893 -0.6775467 0.24135289 0.033440888 0.061089445 -0.013213054 0.33588576 -0.094234124 -0.32010326 -0.45100507 -0.43560907 -0.0017118979 -0.62857586 -0.37281495 -0.27102804 0.06561511 -0.77362484 -0.7560244
21 -0.051848095 -0.16508935 0.31580967 0.16501234 0.68793494 1.264041 -0.9341131 0.022220492 -0.73601246 0.6937429 -0.55376893 0.26702318 -0.37614757 -0.09473538 0.095376424 0.3869883 -0.6184091 0.91471744 0.49636367 0.8972312 -0.28841338 0.027542822 -0.2960692 -0.50307375 0.0528346 -0.7344014 -0.15327555 0.61035615 0.54055506 -0.37417758 0.1834553 -0.113527276 -0.107227445 0.25706744 0.91134465 -0.34112078 0.23011883 0.37582237 0.25115559 0.65028 -0.8434739 -0.05297568 -0.27939314 0.48291677 -0.032227002 0.5088904 0.5796037 0.7130213 -0.27858087 0.4008547 -0.011299135 1.3492197 -0.29780656 -0.2591742 -0.36203068 0.053637084 0.49934235 0.065521635 0.83787006 -0.84136 0.8571449 -0.50537014 0.22591831 0.07796977 0.3695664 0.26520196 0.5196823 0.80270875 0.14801544 -0.06485358 0.5616387 -0.26126382 -0.039350525 -0.07736221 -0.2564412 -0.23287211 -0.32863492 -0.72015166 -0.99295837 0.99799174 -0.21229894 0.062005565 0.016939174 0.062893435 0.40285748 0.8916882 -0.2935663 0.24617109 0.057595648 -0.8099782 0.3551207 -0.90025055 -0.45062572 -0.11020218 0.17219469 -0.35861254 0.20714453 0.16922544 -0.45749095 -0.300548 0.15990102 0.89709413 -0.22737469 0.17266534 0.2239418 0.5819918 0.90906733 -0.3644008 0.50725174 -0.015391007 0.080814935 -0.018934915 -0.09685555 0.22907859 0.7698455 0.55398184 0.06267571 0.4477387 0.061050862 0.5355777 -0.21552667 0.58033276 0.16569057 -0.04353198 -1.0553074 -0.15203972 -0.9202246 -0.651712
673 0.14010894 -0.37363046 0.8932002 0.7432493 0.46030393 0.5793809 0.47689041 0.07258485 -0.74244726 0.680273 0.19509579 -0.14457618 -0.47309044 0.20161653 1.1444485 0.42314264 0.50379056 0.4122732 0.5847751 0.034749687 -0.42739534 0.11682986 -0.8750167 -0.7932333 -0.09073326 -0.6459565 0.5092994 0.14944072 0.27209648 -0.44157073 -0.23801632 -0.18242821 0.12205766 0.77961665 0.014932932 0.63644814 0.110818624 -0.8212586 -0.25695217 0.20883593 -0.5600522 -0.27680635 0.12993594 0.34245393 0.64097875 -0.41323566 -0.54803526 0.63452923 -0.42318085 0.40775132 0.68697083 0.3433386 0.5256191 -0.38934523 -0.036794975 0.5480537 0.25361598 0.63557726 -0.14385788 -0.31585395 -1.0667073 0.83443594 -0.16584 -0.32649547 0.2668271 -0.30203193 0.1504454 -0.21623346 -0.61132777 0.5496521 -0.35305855 0.40010324 -0.5927566 0.13930126 0.39157763 -0.5164521 -0.9616593 -0.3966753 -0.50191736 0.6236581 -0.35729745 0.22800267 0.35138065 0.43669152 0.6509121 -0.048864275 0.5252025 -0.76709193 -0.2744139 0.15550369 0.37686083 -0.9446897 0.3318846 0.0814913 -0.13842344 0.9046399 0.01735772 0.75805515 -0.23132537 -0.41679922 0.3301135 -0.60432285 -0.49032038 -0.17732185 0.6669359 0.4958348 -0.7279821 0.14205422 -0.23662844 -0.6707114 0.0734919 -1.2544484 -0.05020238 -0.32807446 -0.1750573 -0.01774773 0.1811891 -0.23737495 -0.6174322 -0.11089207 0.15757613 0.5152219 -0.6524925 0.35237038 -0.21094806 0.63705456 0.20762908 0.5480833
983 0.59821856 -0.54336303 0.48493308 -0.30152747 0.19441202 0.039578997 -0.04014629 0.14010763 -0.75248 0.50587595 -0.17057315 0.5300707 -0.4127996 0.8506443 1.48949 0.2275879 0.3901491 0.36309844 0.51747996 0.77767843 0.38923645 0.40913802 -1.3329546 0.46696368 0.024639493 -0.3568787 0.03517016 0.9786772 1.2398351 0.07139207 0.26664662 0.85735095 0.31897676 0.92047423 0.1586632 -0.2096001 0.49134722 -0.48049638 -0.060337715 0.70235956 -0.37540314 -0.20327163 0.14693938 0.71639043 0.5955169 -0.68332094 0.06107635 0.6516808 -0.7149619 0.110552914 0.53221065 -0.29028547 0.010381988 -0.19663915 -0.05278106 0.76419693 0.3658528 0.54526055 0.008479126 -0.07550428 -1.1751009 -0.040020943 0.5401478 0.15199086 0.46222714 0.3650265 0.29125923 -0.18122688 -0.16482137 -0.52584004 0.42913687 0.20597193 -0.64120466 -0.41620925 0.3830167 -0.07447831 -0.08571974 -0.44388554 0.02827627 -0.19843099 -0.40514255 -0.72201294 -0.46421325 0.22196369 -0.28376678 0.38745463 -0.038262736 -0.46298382 0.5442492 0.66171694 -0.13521911 -0.47136104 0.54943967 -0.2975374 0.5265259 0.40462255 -0.17941375 -0.26627657 0.42733544 -0.13614388 -0.31013548 0.31626385 -1.0063138 -0.47408727 -0.41812047 0.73860425 -0.012266342 -0.10784642 -0.51778835 0.705761 -0.10267137 -0.77479327 -0.43526578 -0.06698561 -0.6454819 -0.34598544 0.34352002 0.10305302 -0.1721561 -0.36963835 -0.032418903 -0.63114643 -0.80484986 0.43373278 -0.72659314 0.11610862 -1.1817207 0.6327414
605 -0.5058953 -0.30073956 0.87700343 -0.33709738 -0.05932146 0.066338256 -0.45499837 0.43654472 -0.36069894 0.13513745 0.105828606 0.015436379 -1.0752333 0.21623354 0.113351755 -0.10989571 0.97548217 0.674218 -0.009985169 0.0661694 -0.5039928 0.7628971 -0.13722405 0.4063955 -0.14995514 -0.94105965 0.22219376 0.32894436 0.004633649 -0.5695829 -0.3905781 0.1697344 -0.4311979 0.3019569 0.5745222 0.42558667 -0.10840813 -0.684346 -0.17331488 0.48612005 0.27908868 -0.025241481 0.57996416 -0.033431508 -0.31644404 0.17004694 0.0997209 0.33169594 -0.3139962 -0.01506162 0.6854583 0.5301042 0.4897583 -0.17212625 -0.0854057 -0.56605643 0.50297755 0.23228367 0.545248 -0.6144698 0.45969215 0.050892264 0.41145632 -0.46342656 0.8386181 -0.1718253 -0.8059928 0.928931 -0.45110637 -0.6420736 0.8796168 -0.7862454 -0.60932744 -0.8206852 -0.04136371 -0.42075917 -0.6628594 -0.72038597 -1.0611448 0.3766136 0.5386263 -0.5232811 0.116007715 0.30720028 0.5541008 0.53006023 0.45843548 -0.70976585 0.07257298 0.79225916 -0.11540256 0.16843562 0.6107993 -0.025967008 -0.13055176 0.5062768 -0.43078968 -0.73413306 0.2819105 -1.3230842 0.25646988 -0.54633975 -0.99371165 0.059708886 0.5621653 -0.16930804 -0.13354011 0.44731307 -0.00545609 -0.2636794 0.18917157 -0.40504742 0.6613945 0.3797303 -0.14698137 -0.68113655 0.69599384 0.12457077 0.23409845 -0.73328424 0.033475272 -0.039428618 -0.39092687 0.0023085899 -0.3725401 -0.037428353 0.094064206 -0.21407089
219 -0.28246704 -0.8757552 0.7159584 -0.30918992 -0.13130265 -0.1329054 0.73429674 0.02450616 -0.7542968 -0.56190425 -0.09191637 0.1252206 -0.84769744 -0.12880918 0.2539309 -0.059466343 -0.86661756 0.11980736 0.24615315 0.8974448 0.22519933 0.5038328 -0.9994499 -0.32147813 -0.08408536 -0.30091593 0.14123443 0.43182424 0.510691 -0.79829246 -0.06433763 0.36392072 0.40449744 0.7260712 0.057679098 -0.68500435 -0.9625639 -1.0838753 -0.87446445 -0.043792825 -0.1927944 -0.2401603 -0.30685115 0.611903 0.38900742 0.50165 0.7208205 0.63185525 0.0056510563 1.2820096 -0.3994892 0.504929 -0.5472415 -0.54225844 -0.29615572 0.029958824 0.3809364 -0.4196596 0.8206806 -0.05272905 0.17386822 -1.0298055 0.2392284 -0.97222877 -0.48386246 -0.042635635 0.32886672 0.5451477 -0.5343312 0.56132835 -0.08487317 0.38283554 -0.16550149 0.2776028 -0.2903972 -0.124451205 -0.5224429 -0.6122741 -1.0810192 0.20724921 0.25126052 -0.56648284 0.5092597 0.23910728 0.947299 0.2958644 -0.44599807 -0.12733133 0.6170697 0.31986716 0.0062453244 -0.19290173 0.66354424 0.1297787 -0.27161115 0.01263695 0.23198017 0.7561741 -0.69339883 -0.25974494 0.20881015 -0.33350867 -0.65370995 -0.17872587 0.5399493 0.2561518 0.019636247 0.7945751 -0.17459619 0.03152817 -0.069263004 0.07505668 0.08503136 0.51733106 -0.6667793 -0.5757539 0.5876072 -0.103861794 -0.2820177 -0.3469692 -0.26685867 0.43583977 -0.115776226 0.1597241 -0.35801458 0.09356535 0.07168761 0.019734407
921 0.059137844 -0.64171964 -0.20583728 0.46177626 0.25461453 -0.25488225 -0.13321187 0.67529446 -1.0765129 0.5175345 0.22326353 -0.61532664 0.14080289 0.8469657 1.1565868 0.046712533 0.07105104 -0.42484847 0.41615757 1.059839 0.2509543 0.3149821 -1.2165991 0.15664397 -0.3000807 0.07701274 0.3167361 0.6003899 0.10421983 -0.4486172 -0.6209117 0.13408828 0.15220876 0.38131773 -0.09761038 0.70676047 -0.48764235 -0.5021761 -0.44787243 0.45101723 0.084979005 0.6658666 0.20745417 0.6591845 0.18710351 0.31838357 -0.23076697 0.6631575 -0.12261538 0.6809905 1.0699968 0.64635706 0.44234297 -0.5102422 -0.8057676 -0.15484823 0.055277776 0.29592022 0.49045122 0.5405159 -0.7742347 -0.2519805 0.6886092 -0.4566438 0.55086344 0.31620046 -0.50178844 -0.08818178 0.17767633 -0.48532858 -0.4287642 -0.45549503 -0.3896408 -0.8577085 0.9368738 -0.6887751 -0.23046726 -0.4704237 -1.124066 0.21593782 -0.47970587 0.1354554 0.085734166 0.03756397 0.44198775 -0.2004385 0.23026863 -0.49054623 0.2663221 -0.2940882 0.25803548 -1.1198194 0.7829114 0.2601361 -0.42587128 0.94599295 0.13953267 -0.13054992 0.22854345 -0.71822435 -0.6934511 -0.55575204 0.33523107 0.4862393 0.10647054 0.017975148 -0.5070219 0.47280893 0.114676334 -0.17035255 -0.38792956 -0.5723506 0.30558172 -0.35481745 -0.9069987 0.11304329 0.4540783 -0.5093099 -0.08406055 0.19522199 -0.53663063 -0.05783854 -0.47262934 0.8961249 -0.060075287 -0.21541731 -0.39662206 0.11259667
1803 -0.1400782 -0.7759282 0.10958305 1.0781432 0.7715338 0.45732933 -0.46131593 0.077652305 -0.27773815 0.1480081 -0.35729083 0.2100131 -0.4750919 -0.07589136 0.7237064 0.74287766 -0.26570627 0.23743686 0.4853227 0.5615101 1.1605937 0.44981325 -0.19598053 0.3094817 -0.90707934 0.10659535 0.24926285 0.99365133 0.5344179 -0.43647444 -0.52801263 0.4864348 -0.17814207 0.19585212 -0.14108853 0.61159945 0.5800519 -0.64177364 0.060135853 0.18943559 0.31630933 -0.2681827 0.49337852 0.22013396 -0.29545665 0.31409284 0.33226016 0.4956238 0.095903255 -0.43758985 -0.009094031 -0.23645489 0.3520801 0.68650496 0.10176265 -0.6317579 0.26808476 0.17690285 0.035931878 -0.5766039 0.56473124 -0.8663798 1.048025 0.18158282 -0.035880614 -0.21908559 -0.36592937 -0.060474142 -0.37044916 0.25040948 -0.53779435 -0.42161056 -0.5204487 -0.4940245 -0.09858865 -0.6386662 -0.09835489 0.57192713 -0.25270912 1.0273769 0.022890132 -0.057301916 0.03552564 -0.029438326 1.1753248 0.23951723 0.42012417 0.08370007 0.07226979 1.0174619 -0.6768909 -0.342309 0.40804657 -0.38866735 0.522517 -0.21810976 0.7350795 0.5631392 -0.094908 -0.4738008 0.3635166 0.4532485 -0.782494 -1.0759465 -0.045531724 0.2690707 -0.37468195 0.8365809 0.8372393 -0.3814408 -0.35633028 -0.5603333 -0.2747321 -0.14506337 -0.5637493 -0.83212066 0.29614067 0.44722402 -0.46223122 -0.9122435 -0.27140304 -0.10176027 0.16926388 0.5061769 -0.8643131 -0.5258051 -1.0550917 0.122595586
5417 0.742562 -0.60850555 0.46059483 1.0479087 0.08626317 0.08012209 -0.0863273 0.11643938 -0.7576175 -0.40465358 -0.1661548 0.6248224 -0.31181207 0.014507574 0.41559517 1.0710375 -1.1330893 0.5777965 -0.020206189 -0.02579707 0.8660934 0.31292135 -0.75766486 -0.32305613 0.33955607 0.69278556 0.02762061 0.6222793 0.58568424 0.46849102 -0.44242838 0.40286407 0.53519815 0.48400304 0.40562811 0.2362099 -0.3788941 -0.08048432 0.09931561 0.6164866 0.2593286 0.24780993 -0.263411 0.23073937 -0.46464777 0.17721915 0.23238172 0.54228085 -0.4425421 0.5009932 0.27006018 -0.273444 -0.033658326 -0.43322492 -0.3580737 -0.009714973 0.29581848 0.7228327 -0.64182615 -0.18476118 -0.34354496 0.32218063 0.91270936 0.28066677 -0.47828028 0.32698914 -0.18974592 0.3390872 0.07982357 -0.26376113 -0.096514605 -0.06598336 0.056115728 -0.16030303 0.16156517 0.026612254 -0.67791575 -0.15184142 -0.0038182188 -0.25146368 0.5389214 -0.88271064 0.49992988 0.3245753 0.121414095 0.81140864 -0.091627754 0.15043546 -0.061021987 -0.40550768 0.053385746 0.2710441 0.90906525 -0.3462269 0.57185125 0.2806543 0.102493316 0.8377709 -0.44934803 -0.9421927 -0.31612962 -0.41752893 -0.47321868 0.7260743 0.5274484 -0.52262247 -0.3907185 1.0097929 0.9459475 0.45880744 0.07277836 -0.67812794 0.09661414 -0.61850536 -0.67026 -0.48675323 0.4327494 -0.23930937 -0.10683556 -0.06530336 -0.08109585 0.056543063 -0.2943095 0.93932575 -0.21702127 0.36061305 0.17441334 0.56808436
2558 -0.50093216 -0.23217593 0.5802906 -0.31267393 0.47904274 1.2712319 -0.13237369 0.003838774 -0.23170954 0.08868323 0.15094496 0.18419804 -0.7256516 0.103325166 0.18233515 -0.55814934 -0.37819082 -0.593679 0.070337065 1.0372813 0.099656776 -0.1706224 -0.62964964 -0.36430782 0.03891257 -0.23123671 0.855486 -0.15932412 0.12060043 -0.4540446 0.36600477 0.64887965 -0.41994113 -0.1386514 0.28241032 -0.3110545 -0.9714522 -0.74744034 -0.45613325 0.24118137 0.16960488 0.21604799 0.351777 0.30240992 0.7024787 0.88881695 -0.25555 0.7472214 0.26543456 0.20721534 0.37871206 1.1135579 -0.48264956 0.6499811 -0.4628071 0.0067732097 0.78306687 0.097922236 0.56896037 -0.61657894 -0.79141575 -0.14872026 -0.18910287 -0.7587426 1.1361128 0.19263016 -0.108007535 0.4398888 0.4912116 -0.35058564 -0.29308587 0.004122554 0.421624 -0.6155357 -0.30465007 -0.39526507 -0.51677954 -0.09471476 -1.1648859 1.1383461 -0.27022737 0.084041536 0.5270519 0.30336538 0.1374459 -0.21720742 -0.18403767 0.5061019 -0.2955422 0.045518182 0.024665583 -1.2433915 0.5728099 -0.28917035 -0.521988 0.57120854 -0.03266063 -0.0065980763 -0.23446707 -0.9460263 0.42093325 0.3790613 -0.062188186 0.746735 0.56025237 0.20594297 0.09648197 -0.3464895 0.4275762 -0.53237265 -0.53530014 -1.0966612 -0.04381975 0.6259681 0.2474922 0.5819005 0.78320765 -0.285952 0.34829023 0.6044696 -0.08830644 -0.35322917 -0.09245791 0.1039264 -0.5344517 -0.56127 -0.45595577 -0.51353186
1335 0.025321817 -0.33857802 0.31448653 0.16767293 0.48652777 0.40808234 -0.28964108 0.060593434 -0.32158956 0.09617713 0.45550957 -0.09946045 -0.040486142 0.4461255 1.1137909 -0.09180115 -1.0179789 -0.42718956 -0.33997786 0.3865748 0.9736343 0.05876949 -0.14985672 -0.19227779 -0.08071653 -0.20148993 -0.31618896 0.7804175 0.22984183 0.40874916 -0.5570108 -0.17166692 0.20136388 0.29764238 -0.21267755 -0.25237042 -0.078162126 -1.0700667 0.4811066 -0.17726785 -0.0009003515 0.28680617 -0.40391254 -0.06126715 0.23641185 0.033363678 0.3165116 0.042345468 -0.8985062 0.54206514 0.18075591 0.33712772 -0.30930492 -0.21795806 0.27821952 -0.6665709 -0.08199029 0.24965632 -0.0115495045 -0.39764684 0.35166016 -0.2846509 0.42976642 -0.65270305 -0.4220157 0.24894312 0.16452721 0.4031088 0.42649195 -0.42803216 0.08489241 -0.20250808 0.031448968 0.30402005 0.13479134 -1.0199714 -0.41797137 -0.062610194 -0.84817314 0.6969015 -0.42365542 0.4815331 0.3525128 0.2398524 0.38913354 -0.08811837 0.65326667 -0.22734916 0.5024073 0.061232753 -0.7548299 0.10060856 0.28735062 -0.33524653 0.8519445 -0.38117826 -0.2610094 0.30148116 -0.7300836 -1.1036828 -0.010555114 0.5144591 -1.0274572 -0.15771851 -0.21382737 0.19118838 -0.45344427 0.6055444 0.41654778 0.38966936 -0.25691968 0.12148115 -0.37002093 -0.45136315 -1.0378425 -0.3984867 0.8135412 0.4594191 -0.34012684 -0.90247726 -0.6667554 0.3057216 -1.2480048 0.607108 -0.6253205 0.0011017876 -0.95091176 0.7226595
3546 -0.62390924 -0.6719025 0.8382833 -0.9428199 -0.18901855 1.1233172 -0.24612407 -0.26931393 -0.21377753 0.49730876 -0.34464252 -0.124824174 -0.94836104 -0.16425598 -0.21593773 -0.07884899 -0.70864546 0.29983035 0.56525016 0.23204018 0.64531624 -0.29601932 -0.99882746 -0.1539758 -1.1625732 -0.45051318 0.08484478 0.60449016 -0.03690383 -0.41609228 -0.34299505 0.19386634 0.3060115 -0.121777706 1.0190214 -0.30180082 -0.2692794 0.25325698 -0.19605245 0.034111 -0.06387875 -0.0338932 -0.81577086 0.5672157 -0.37126932 0.61250484 1.1343812 0.60207367 0.36927918 1.1612829 -0.7814441 1.5563112 -0.21120572 0.9011534 -0.27923098 -0.24964635 -0.07979377 0.51618934 -0.015570572 -0.48253044 0.327194 -0.76846045 0.61627305 0.05911815 0.8357471 0.43068534 0.34960243 1.2633772 0.23741679 0.41521457 0.3144171 0.34336975 0.3428686 0.0084392 0.13553771 0.2968755 -1.6408783 -1.0294598 -0.3816889 -0.25420713 0.06556017 0.147779 0.84552616 0.5085997 0.0688689 1.1676402 -0.6815725 -0.05567934 -0.43942422 -0.7416997 0.5501119 -0.79662204 0.04014013 -0.12019141 0.018338514 0.24904916 0.0030073705 0.4420657 0.03100698 -0.33027264 0.7947072 0.13550316 0.14660968 0.70460033 0.9105027 0.33082 0.5657982 -0.87263364 0.8104123 -0.27436015 -0.2766339 0.33208454 -0.13078928 -0.26899168 0.42979577 -0.16345342 0.5746847 0.3829924 0.26766944 0.09189005 0.64058846 0.38591784 0.10495303 0.85964936 -1.1845632 0.1487419 -0.19329304 -0.3124001
145 0.4021519 -0.7915196 0.15903696 0.23820886 -0.43311557 0.33387604 -0.25311255 0.08539899 -0.19095625 -0.2057598 -0.059810534 0.4156349 0.17564017 0.5607772 1.0151969 0.39668047 0.6163173 1.3266567 0.42654565 -0.13220513 -0.053951733 0.5309186 -0.58077604 -0.3513265 0.21383066 -1.1094016 0.12027881 0.31181753 0.5992663 -0.05353138 -0.049544163 0.5410538 0.21759461 1.3349268 0.5487202 0.040010635 1.2191929 0.0112458225 0.8884921 0.8388518 0.76159745 0.20717864 0.3233868 0.63668644 -0.19658172 -0.16362874 -0.651093 0.9805771 -0.061541315 0.5499552 0.6187946 -0.693243 0.52349484 0.024523538 -0.5475396 0.59449035 0.7882914 0.37799245 -0.3291428 -0.43146098 -0.7073295 0.014052374 0.40785375 0.30500966 0.23827441 -0.32025814 0.17352769 0.508874 0.38076884 -0.9499985 0.26763955 -0.50298136 -0.61009246 -0.6097815 0.082191676 -0.1531999 0.21201757 -0.3360063 -0.9637622 -0.15400043 0.16785923 -0.44832534 -0.51761246 0.6207722 -0.27181724 1.296328 0.48033318 -0.54065174 0.10289747 0.54145694 0.0038536333 -0.64673734 -0.62842125 -0.2622257 0.47212613 -0.8623896 -0.0023218605 0.030342223 0.1501148 -0.24713016 -0.20266783 -0.39835438 -0.6797733 0.047658738 0.53606653 0.032367244 0.56885105 0.107613645 -0.02467701 0.5576619 0.021921555 -0.6911016 -0.48507595 -0.16443828 -1.0914426 -0.2511004 0.08157314 0.55546427 0.050848186 -0.7297464 -0.08281329 0.14169687 -0.6057611 0.48769408 -0.5129388 0.7136911 -0.51776206 0.66278607
1949 0.103966914 -0.8133201 0.27363372 0.6790093 0.3695148 -0.06607977 -0.4582383 -0.0048088427 -0.6409891 0.29725266 0.7750013 0.6995839 -0.14863764 0.3219779 0.90186507 0.726718 0.18420635 -0.14075693 -0.10462325 0.44183746 0.95991814 0.39996383 -1.1447542 -0.5247187 -0.5043923 -0.54919016 0.00077279663 0.24596679 0.91096616 -0.2813291 -0.45715043 0.02912841 0.032404665 0.6358013 -0.38778397 0.4777966 0.46422812 -0.31446856 -0.22907346 -0.22658612 0.44316134 0.37141168 0.56019396 0.118933395 -0.053167794 -0.07546284 -0.8022524 -0.019745938 -0.66039133 -0.5947455 -0.16087022 0.6889013 0.06884158 0.13882679 -0.20551473 -0.61540776 0.48567712 0.0063913497 0.25212285 -0.12064686 -0.18353005 -0.79351795 0.16597164 -0.7122725 0.50252426 -0.5123369 0.6293589 -0.21448547 -0.31324697 -0.61904925 -0.36464483 -0.416797 -0.43927008 -0.8623255 0.22014332 -0.18385354 -0.28173238 0.41499543 -1.0024506 0.54359907 -0.5514159 0.026511323 0.5990813 0.5665436 0.4230824 0.22392988 0.2993755 -0.022394365 0.68051046 -0.013212149 -0.9332871 0.47330835 0.71914726 0.03967798 0.25112683 -0.6432251 0.5636599 0.27247176 -0.7613498 -0.16557807 -0.72694695 -0.120097004 -0.91145265 -0.0068342276 0.4128691 0.6117586 0.40925667 0.5306503 0.7071528 -0.18972594 -0.34877494 -0.20590046 -0.023185384 0.2534128 -0.74059165 0.11685282 0.5143534 -0.16758488 -0.39610893 -0.32399806 -0.77766365 -0.48789084 -0.43785396 -0.27965292 -0.13057809 -0.47400296 -0.54644465 -0.5810646
7232 -0.012390805 -0.68478394 0.82665354 0.09973555 0.3598036 0.99047786 0.31049103 -0.70868796 -0.8600524 -0.07304861 -0.5480188 -0.61404836 -1.1150767 0.01790784 0.052422136 -0.35078856 -1.0068585 0.30308113 0.25027838 0.26368663 0.64496315 0.5683035 -0.7745522 0.073501214 -0.7211001 -0.30307454 0.46583277 1.0085272 -0.17034633 -0.3011982 -0.3527115 0.13232853 0.7250233 -0.54670185 0.24277474 -0.88614357 -0.7821563 0.46419328 -0.6611218 0.51524305 -0.5457722 -0.14277706 -1.1487966 0.74754435 0.29562423 0.8669268 0.6915832 0.08278219 -0.2649126 1.1229496 -0.5225688 1.2709846 0.2474943 0.19426876 -0.6765612 -0.048559148 0.5551905 -0.5410849 0.07808843 -0.38302308 0.7992634 -0.56609344 0.9434647 -0.03694293 -0.6918741 -0.6381901 -0.111574836 0.77093095 -0.027536238 0.6157613 0.478828 0.37956598 0.25227642 0.22538982 -0.31657022 0.58607906 -1.4706267 -0.35179693 -0.3623181 -0.013603656 0.7123261 -0.15438204 0.30114874 0.35433477 0.100219905 0.47115242 0.19193324 -0.756364 0.56289124 -0.23812686 0.013932479 0.2567164 0.18743931 0.3499728 -0.26520154 0.62881905 0.07226411 0.07366256 -0.8340245 -1.1644223 0.36114317 -0.31767407 -0.10078872 0.065513566 -0.2134193 0.3093142 1.020283 -0.4013293 -0.0073736683 0.1977262 -0.073452406 -0.31309965 0.08763234 0.009331256 -0.20923673 -0.7977659 0.5270721 0.24730648 -0.20625313 0.8350377 0.4557262 0.45867434 0.3575559 0.57694405 -0.51543665 -0.38593295 -0.4101425 0.16251133
741 -0.6541008 -1.0381835 0.4230371 0.89965475 0.1954268 0.7823177 -0.85715526 0.55629253 -0.17880835 0.34928071 -0.6540672 0.058630165 -0.69111603 -0.45810017 0.96839184 0.80122393 -0.25959298 0.57768446 0.6796763 0.07148611 0.3975102 0.68554235 -0.20789404 -0.27416307 -0.7062168 0.056061424 -0.23055324 -0.29970077 0.46710965 -0.24543339 0.112436846 0.26032954 -0.099568054 0.070458025 0.45908162 -0.37094468 0.40663785 -0.2500015 -0.09530518 0.7248083 -0.76063895 -0.20905778 0.48688105 0.48050058 -0.16698568 0.4451317 0.11864949 0.2045204 -0.1932083 0.21314543 -0.48088393 0.264468 0.42770708 0.3925431 0.05524046 -0.024093283 0.5533581 -0.28889087 -0.1363865 0.41241494 0.3619884 0.13103807 0.72764593 0.08400502 -0.101331934 0.32516354 0.9820967 0.24548766 0.7375781 -0.44118968 0.3792052 0.13561854 -0.71625394 -1.1623838 -0.7440286 -0.61718106 -1.2320155 0.6242444 -0.52966017 -0.490659 0.5008853 0.23719634 0.17023502 1.339596 -0.55513704 0.63395464 0.40175393 0.14979012 0.19559178 -0.435026 0.39612854 0.15462254 -0.8090693 -0.07836057 0.39348543 -0.28884882 -0.2206891 -0.9006912 -0.44266146 -0.20795187 0.48348364 0.38502714 -0.6533443 -0.007707827 0.55059034 0.50528175 0.60985315 0.33407924 0.72603333 -0.24297434 0.3974978 -0.9552297 0.0034420032 -0.24038899 0.002259737 -0.33602265 0.1457058 -0.38838363 -0.32999992 -0.13179564 -0.3963202 -0.29233944 -0.16022533 0.17778671 -0.8269604 0.4968172 -0.44328216 0.09169559
5990 -0.0063598063 -0.91606367 -0.08253212 0.23001114 0.24602762 -0.1951652 0.57634485 -0.07657496 -0.47959232 -0.061702557 0.6570452 0.47561458 -0.16726235 0.14016993 0.45036718 0.80239964 0.32233632 0.37082234 -0.3593383 -0.8016697 -0.4108004 0.041776367 -1.0360115 -0.22344689 0.109585404 0.044811957 -0.28204322 0.34045163 0.3335632 -0.20761298 -0.09382803 0.532197 0.75154126 0.3991576 0.99397486 0.5130872 0.3247048 -0.62199706 0.6065171 0.71655834 0.2343418 0.5829061 0.36067304 0.70443517 0.23262548 0.047201913 -1.1076236 0.57339334 0.2703232 0.27121508 0.32489687 0.64423347 0.55884874 0.34190357 -0.7442148 -0.47373697 0.031235507 0.68562603 -0.42544845 0.035315778 -0.1300092 0.02071541 0.53846925 -0.16209657 0.33188984 -0.021906132 -0.88198566 0.30521256 -0.017654043 -0.57203877 -0.17487259 -1.2242227 0.27297148 -0.8191515 0.37796107 0.055644404 -0.39330116 -0.018048335 -0.7623526 0.063219525 0.44038948 -0.24016847 0.2353096 1.2493752 0.23868012 0.7784729 0.05794883 -0.5108262 -0.28104758 0.45968145 0.39714205 0.121923715 0.62957716 -0.71274894 0.000541503 -0.046213806 0.019374954 0.017280154 0.32084072 -1.3312494 0.2537279 0.016082149 -0.41288933 0.57776535 0.32618102 -0.40437144 -0.42087767 0.2398279 1.1423345 -0.42036834 0.0391216 -1.2283936 -0.6564763 -0.6184283 -1.1225387 -0.4550556 0.17424507 -0.49828398 -0.90157294 -0.84901476 -0.21488775 0.58496505 -0.28940162 0.5910646 -0.19170685 0.49458206 -0.32574987 -0.70867985
974 0.19433296 -0.38865143 -0.41684172 -0.2590573 0.19912097 0.54563594 -0.39468896 1.1004435 -0.34175128 -0.079450846 -0.5256795 0.25429043 -0.02200496 -0.045641534 0.57359475 0.31119043 -0.28069752 -0.23599191 0.17271969 0.30786762 0.7044345 0.8662899 -0.60263735 0.1775486 0.07515269 -0.4379389 0.1770921 0.8937222 0.63420326 -0.31287828 0.2700988 -0.3023957 -0.21899728 0.22638799 0.33607626 0.30060086 0.3108654 -0.3243809 0.6350341 0.5988056 0.08749732 -0.036892883 0.10118954 0.11335305 0.77495366 0.37783605 0.18099317 0.74990785 -0.4868235 -0.02580036 0.6803317 0.062017314 -0.3718322 0.28316566 -0.07942865 -0.57983017 0.6240001 0.65891 -0.1646505 -0.50441146 -0.86498404 -0.7362975 0.9197495 -0.51203656 0.29573014 -0.8586095 -0.2094934 0.13712204 -0.32754937 0.09197091 -0.62766963 -0.3818077 -0.4375946 -0.4666796 -0.51350135 -0.40447614 -0.28647426 0.37123117 -0.4504617 0.94076794 0.10542272 -0.04412128 0.7612891 0.6278421 1.1885593 0.4270486 -0.25618792 -0.14181791 0.50352955 0.554754 0.5964795 -0.8380832 0.34986827 -0.45401925 -0.28688002 0.63831496 0.48328537 0.86084807 -0.6851019 -0.4305143 0.51731825 0.040053286 -1.0335956 0.08312169 0.8207839 -0.72347194 -0.45834744 1.2518488 -0.23347764 -0.48352638 -0.3882473 0.02673091 0.23251379 0.316154 0.019045047 -0.88821906 0.16443832 0.00914284 0.010635769 -0.51444674 -0.1621021 -0.29969406 -0.34780955 0.05464844 0.44404075 0.04524541 -0.13405138 -0.2198508
5255 -0.06296362 -0.55100995 0.037276234 0.7128141 0.3719403 0.1969301 0.042345535 0.611519 -0.55906415 0.27799898 0.05648062 -0.22733046 -0.84914786 0.50941825 0.42669183 0.4595804 -0.27812597 -0.05000049 0.4894561 0.12124159 1.2486954 -0.10878737 -0.63923424 -0.313476 -0.7606572 0.18179595 0.31103623 0.4178259 -0.30387878 -0.13503711 -0.11976643 0.12939475 -0.25214228 -0.00015380305 -0.26939547 -0.26422992 -0.14579304 -1.2193604 -0.49527282 -0.10052669 0.3491733 0.6804731 -0.026022712 0.35381135 0.15126766 -0.4941528 -0.56423026 0.4541669 -0.35919166 -0.09061593 -0.048672233 -0.063761905 0.050664946 0.1699149 -0.14095737 -0.56975114 -0.51250464 -0.23408282 -0.59041494 0.39551976 -0.36326006 0.1998879 0.57561606 0.17908816 0.35481918 -0.031143548 -0.4897351 -0.20058213 -0.33374926 0.22136518 -0.43267173 -0.15591612 0.122732975 -0.6042878 -0.1483881 -0.6050805 -0.76730514 0.4469374 -0.017367678 0.8287446 0.10548699 0.14688443 -0.53586876 0.5313702 1.106976 0.9591828 0.3911073 -0.21003978 0.72206235 0.58294976 -0.3755452 0.11225387 0.9230528 -0.39343458 -0.041405067 0.3014102 0.06439272 -0.19540882 0.23476106 -1.1521959 -0.6914803 -0.3912412 -0.6755219 -0.5113664 -0.03850027 -0.51865107 -0.25987622 -0.1160421 0.40472665 -0.48501363 -0.26656845 -0.7998598 0.0047481135 -0.5996035 -0.8768355 0.04898516 0.84896207 0.7160224 -0.55890024 -1.2536865 -0.584649 0.34745133 -0.32511285 0.27267626 -0.75113946 -0.12719965 -0.34597433 0.47037476
2028 0.10404508 -0.45216298 0.4693604 -0.26442298 0.23645113 0.2903739 -0.9962456 0.21288142 -0.45951313 0.06099581 0.1272663 0.87469095 -0.18807295 0.5768252 0.6820124 0.43479446 0.0155811915 -0.32505518 0.23143284 -0.094537355 0.23826219 0.508824 -0.17185466 -0.31155068 0.34415567 0.063632086 0.23886772 -0.02758751 0.94398195 -0.70645154 -0.278396 0.8965926 -0.80097735 0.3477275 0.7039224 0.3671052 -0.9369213 -0.44263813 -0.6102783 -0.22205085 -0.26542196 -0.22721203 0.2575245 0.26962692 -0.22758865 0.2235389 -0.25667754 0.10533535 -0.35024935 0.73789126 0.50990516 0.82689 -1.1471206 -0.11422213 -0.38691515 -0.47631878 -0.28033987 0.3179599 0.315561 -0.2008479 -0.28366053 -0.25048354 -0.16759656 -0.41526863 0.5922328 -0.32353196 0.21839377 0.3199794 0.5185886 -0.10516628 -0.24183632 0.14162584 0.07357357 -0.9708461 -0.16436341 -0.18378249 -0.948693 -0.15656288 -1.358727 0.6520961 0.099261194 0.529729 0.49181002 0.62023795 0.57794887 0.17496814 -0.73420066 -0.02272688 -0.15004738 -0.75911593 -0.38738903 -1.1106627 -0.1978686 0.04307665 0.2916938 0.06438107 0.4948391 0.1841842 -0.4251552 -0.7504587 0.42365837 0.6518539 -0.23530157 0.4482275 0.8362975 -0.65008336 0.5162585 0.60452944 0.28334132 0.36979294 -1.0863315 -0.67441434 0.08700884 0.28484747 -0.087236695 0.47161916 -0.3440958 -0.1056307 0.4412706 -0.4829355 0.36390567 0.30450967 -0.650605 0.37189415 -0.36597946 0.6724405 -1.1288322 -0.3397408
4440 -0.4194907 -1.0053613 -0.004844004 -0.10355454 -0.14977749 0.8794618 -0.3112095 0.27996427 0.035427 -0.40268338 -0.10971571 -0.20152244 -1.136034 0.23596926 0.31802252 -0.24391134 -0.10908612 -0.26983544 -0.3797942 0.52561206 0.40054175 0.7902351 -0.09722717 0.10670596 -0.30217645 -0.8115336 -0.2677618 -0.0035110347 0.48552155 -0.6174309 -0.6933075 0.06409997 0.45933226 0.003978539 0.7096314 0.4212127 -0.5526206 -0.7452959 0.5271847 0.5285327 0.5020408 0.34361628 0.5300628 -0.1449053 0.3129 0.6834352 0.36582276 1.0384301 -0.7887716 -0.08805589 0.6500406 0.42427152 -0.38478988 0.7948618 0.116568975 -0.50289625 -0.027815672 -0.79702777 0.87248564 0.20674251 -0.40696952 -0.09651638 0.65733325 0.37232947 0.61302334 0.3345029 -0.33442482 1.0957335 0.07261561 0.3488563 -0.12951793 0.008748564 -0.5294557 -0.03503382 -0.17630455 -0.033094935 -0.44357842 -0.17805406 -0.9630709 0.6300544 -0.59537745 -0.64338845 0.3080062 0.09911246 0.77167434 -0.2499811 0.00020633325 -0.06406646 0.6021403 -0.21402988 -0.12817442 -0.5373868 -0.32023925 0.005820149 -0.09136501 -0.066352926 -0.4304459 0.14667374 -0.5723824 -0.3740391 0.28663886 -0.08640531 -0.50094616 0.15890956 -0.56186306 -0.5717081 0.6716028 0.5579946 -0.6164215 -0.5663395 -0.30979198 -0.8485087 0.36724147 0.9879982 -0.43911213 -0.3178032 0.95885843 0.252643 0.16616197 -0.31877667 -0.21215764 -0.21827042 -0.55174524 0.4348543 -0.44650668 0.35284942 0.17617682 -0.4948029
1051 0.35461545 -0.72937155 0.09168347 0.51534784 0.8008251 0.65308475 -0.22378892 0.09985403 -0.296885 -0.020643905 0.9596809 0.25313908 0.22736844 -0.06724744 0.72044855 0.8780047 -0.44414163 0.24994412 0.14039873 -0.12662165 -0.2664344 -0.30761164 -0.10897766 -0.03488877 0.5301982 0.01753622 -0.16834803 -0.0003091151 0.041894693 -0.33582458 0.114572205 0.38982216 0.7128676 0.28045774 0.56153905 -0.672335 0.417994 -0.86547446 -0.5385078 -0.083973445 -0.17725559 -0.083882876 0.32262284 0.5824267 0.44542047 -0.044016402 -0.42310402 0.108437054 -0.8606879 0.71716136 -0.46425337 0.4076986 0.7052431 -0.008105583 0.18802185 0.13103062 0.47017893 0.38439468 -0.320831 0.22818223 -0.35114813 -0.0073211384 0.54566526 -0.4059187 0.37121695 -0.36969396 -0.26954538 0.42690608 0.55156875 0.17206316 0.6435965 0.48149425 0.24741326 -0.33187646 -0.50640744 -1.3303407 -0.6172225 -0.22915405 0.19261594 0.5317092 0.21768971 -0.8578498 -0.44443238 0.84861535 0.51255625 0.62218195 0.40642524 0.05192979 0.547885 -0.18013956 0.36408654 -0.21563114 0.39350602 0.7216087 -0.086776644 -0.6186123 -0.1258472 0.1058118 -0.7785917 -0.62502766 -0.010804056 -0.42755935 -0.9436978 -0.00026242487 -0.114515014 0.14206222 -0.42469633 0.67081136 0.5632814 -0.16852815 0.44041896 -0.6730193 0.13095513 0.37945414 -0.008339972 -0.59525913 0.8304963 0.4871048 0.6126336 -0.46393922 -0.3400854 -0.7050991 -1.0316819 -0.3999724 -0.5459839 0.20086531 -0.50099856 -0.35608926
10120 0.4269037 -1.0133865 -0.5009913 0.85085404 0.40595797 0.9060381 -0.4614452 -0.14960916 -0.5801612 -0.79446405 0.05234213 0.8637393 0.16022778 -0.40903994 0.95772004 0.95500726 0.09083562 0.64009863 0.3261507 0.6501294 -0.88262933 0.7111216 -0.18429536 -0.3616201 0.80536216 -0.46064115 -0.53242177 0.21431658 0.23533915 0.3792673 0.53413343 0.45744103 -0.45159394 -0.45326313 0.60648954 -0.08210859 -0.27217188 -0.30206817 -0.509012 -0.0349285 0.15494111 -0.19613981 0.48196054 0.11043519 0.75219357 0.005982718 -0.30481648 0.12945822 -0.49879843 0.7074987 0.6888518 0.14698355 0.59291965 0.22148302 -0.237116 0.10005979 0.84294015 0.1505871 0.45891953 0.28319538 -1.0345517 0.2076372 -0.6981541 -0.19955553 0.8655607 0.03032319 -0.14137414 0.11040717 -0.31832466 -0.36128303 0.1671092 -0.78456146 -0.2831986 -0.51008356 -0.4270531 -0.6419336 -0.8359828 0.28172958 -0.43609256 0.44501412 -0.10165176 -0.28581995 -0.27659538 1.0178788 0.7214933 0.63434494 0.425602 0.41069862 0.13305578 -0.30039176 0.2597166 -1.3667444 0.28868705 0.17155401 -0.2846416 -0.44485226 0.47064066 -0.1718708 -0.5421791 -0.67537564 0.2868606 -0.12397117 -0.3402245 0.26565683 0.025868371 -0.093016356 -0.0049116793 0.19880348 -0.5959637 0.13042586 0.45211753 -1.2570347 0.6315152 0.52810574 -0.27305302 0.20975032 0.10878919 -0.41647944 0.4791837 -0.4444743 -0.48899242 -0.63656497 -0.78234273 0.08454068 -0.79138786 0.51102513 -0.48381457 -0.23331113
7608 0.33236465 -0.9874263 0.8643639 0.44345 0.51070386 0.12205604 0.37284514 -0.15813796 0.0070191924 -0.3915171 0.0085479105 0.25805655 -0.4399458 -0.46629676 0.3113191 0.7696576 -0.89969236 0.58823097 -0.032434177 1.1929224 0.42848098 0.7091591 -0.5031181 -0.71573436 -1.2067398 -0.4291821 0.3318653 0.8823946 0.09390615 0.38992974 0.2749276 0.043971434 0.041826557 0.36220962 -0.21083882 -0.33196762 -0.15348409 0.4892578 0.124110356 0.5159375 -0.7979087 -0.15699825 0.5571529 -0.20544332 0.6224486 0.40522897 0.5549896 -0.06778853 -0.31799802 0.6992169 -0.5412882 0.37119535 -0.54403675 0.5735434 -0.85784996 0.15463178 0.9731113 -0.7163047 -0.16270332 0.14196175 0.19915882 -0.17199302 0.3509489 -1.1160783 -0.24143064 -0.09230856 -0.20918624 0.2905443 -0.38937026 0.86429256 0.2866535 -0.49658313 -0.7742858 0.13756034 -0.14198703 -0.17371699 -0.6445549 -0.21125656 -0.56540793 1.0526277 0.39340523 0.17029208 0.5675087 0.9819916 0.049521223 0.6607784 -0.07044991 -0.35581538 0.81891996 -0.35064083 -0.14181322 -0.422631 0.15738717 0.042453445 -0.06861016 0.3509404 -0.13267341 -0.04199525 -0.55305296 -0.96444213 -0.9397189 0.21378776 -0.5755165 0.0074378164 -0.29286113 0.33201927 0.5711212 -0.07352036 -0.40313566 -0.18699346 -0.40136147 -0.22519313 0.4476342 0.570017 0.6148285 -1.1937778 0.6604416 -0.97836703 -0.3900074 -0.33655986 -0.069907956 0.2301129 -0.56554395 0.63578737 -0.29511118 -0.24719717 -0.047217373 -0.19231118
1324 -0.44026753 -1.0491631 0.902422 0.5850591 -0.19791865 0.55358064 -0.2641387 0.89293796 -0.3668782 0.4343466 -0.34733933 0.5971741 -0.8845019 0.4084719 0.051844798 0.31401917 -0.2898135 0.49269712 0.16206472 0.4892823 0.0915172 0.7167995 -0.53474855 -0.34752667 -0.7084133 -0.21545795 -0.02065394 0.25913438 0.13259013 0.10469633 -0.48934114 1.048711 -0.37768444 0.052659944 0.98931766 -0.08399918 -0.56855613 -0.638601 0.39620924 0.5021199 -0.2680862 0.23814452 0.12248825 0.4871953 0.41594484 0.5010012 0.3100944 0.63022786 -0.119690694 0.13094938 -0.5045341 0.43500516 -0.6440937 0.1454986 0.35692322 -0.25058636 0.8221074 0.04969318 0.25678635 -0.14981529 0.77473456 -0.2800699 0.032034837 -0.1046443 0.44512853 -0.38680258 0.9443625 0.958845 0.70020765 0.34905478 0.54828393 0.3013937 -0.24108325 -0.54609513 -0.42221314 0.2401154 -1.0416775 -0.5613402 -0.40479544 0.11694914 0.051038157 -0.0070594884 -0.13747902 0.7339297 -0.41368148 1.1617776 -0.40400732 0.22996622 -0.45180467 -1.229884 0.23896308 -0.10622914 -0.52174306 -0.53526497 -0.26586714 0.33663803 -0.49111545 -0.7491619 -0.09414617 -0.5787 0.66170174 -0.34156778 -0.35646096 0.8449225 0.66282487 0.330341 0.9162666 -0.41871193 0.4640053 0.26170224 -0.80464745 -0.028323602 0.05981424 0.40105602 -0.28662646 -0.19311067 0.3198566 -0.38287312 -0.36805636 0.98235387 0.15521309 -0.023149837 -0.58445877 0.48930967 -0.95834327 0.49970153 0.48638505 -0.5134768
4733 -0.7107696 -0.4618749 1.008105 0.4816042 0.42094928 1.1437294 -0.25787297 -0.16081728 -0.6083402 0.69638854 -0.12189443 -0.4210014 -0.7136055 0.5837933 0.28864035 -0.06600788 -0.49410188 -0.4194528 -0.1073457 0.1785217 0.43187952 0.21858099 -0.7069366 -0.792552 -0.74917805 -1.0068654 -0.2611456 0.3786423 -0.049602028 -0.6955392 0.46551564 1.0057504 -0.13312474 -0.072128505 0.18296064 0.22423702 -0.26686642 0.007337378 -0.38768676 0.19061983 -0.3589983 0.5907045 -0.78351974 0.07961751 -0.22624867 0.3087223 0.117860965 0.1001181 0.38304976 -0.16457622 -0.20341015 0.6415112 0.33911434 0.36406857 -0.21754466 0.5560575 0.6736661 0.055685192 -0.29917362 0.025799576 0.50113136 -0.7470488 1.0830407 0.8974141 0.48308858 0.161558 0.09552665 0.13542774 0.07750675 -0.17569478 -0.12208619 -0.712612 0.05908668 -0.073473126 -0.11982353 0.30898625 -0.78656554 -0.34985068 -0.19142613 0.03999945 0.06660387 -0.3489084 -0.19369827 0.83679026 0.6639501 1.330812 -0.4626915 -0.6769873 -0.33270645 -0.7834951 -0.21517263 0.29058075 -0.25278598 0.3666146 -0.3866664 0.39365208 -0.2644967 0.37137273 0.069446184 -0.56583184 -0.04103745 0.58406746 -0.8612013 0.32686374 -0.16740352 1.0660343 0.6795187 0.38833869 1.2133323 0.025670916 -0.21645544 -0.50523734 0.106342025 -0.32549897 0.29042405 0.07253316 -0.11109112 0.23387277 0.056735136 -0.17588522 0.22461376 -0.06859843 0.47713497 0.4362363 -1.0789431 0.11338849 -0.22066355 -0.28140706
5585 -0.10820413 -1.0964361 0.30384383 0.57073146 0.38292292 0.8690816 -0.079000324 0.050520565 -0.0931304 0.37009352 -0.1828968 0.4569964 -0.107194744 1.037811 1.2265054 -0.4127538 0.14276357 0.009422378 -0.7656331 0.9235028 0.021912646 0.036063716 0.031412024 0.38464686 -0.100894324 -0.18602721 -0.35155642 0.4430578 0.06455179 0.13606577 0.38700646 0.680508 0.11590884 -0.33480495 0.40196234 -0.25837755 -0.052148763 -1.1839536 -0.5331086 0.09628224 -0.482726 0.035908855 -0.011585978 0.78899294 0.49964118 -0.33816886 -0.50556725 1.4771821 0.19479471 1.007874 1.0545152 -0.19017784 -0.053302813 -0.29140413 -0.71603966 0.2853609 0.12177578 0.40473628 -0.32167473 -0.019623917 -0.613556 0.30141547 0.23135766 -0.25887606 0.6558891 -0.11608615 0.19366032 0.18368925 0.69757444 -0.5317998 0.3840867 -0.55765706 -0.13433425 -0.40971997 0.3370103 -0.37712592 -0.8785664 0.3040644 -0.21956058 0.4725223 -0.68386394 -0.05290069 -0.3038956 0.4161102 -0.21498202 1.0042638 0.61457646 -0.07650636 0.42673203 0.122292474 0.47311172 0.095751904 -0.085118376 -0.51165855 0.37869343 0.23604883 1.0560918 0.15971279 0.16537341 0.0679963 0.1902769 0.1336061 -0.853822 -0.11606759 -0.42773727 0.22331339 -0.12677842 0.93895483 0.60186 0.40055835 0.09381959 -0.71650636 -0.44996607 0.20619136 -0.39075074 0.07740877 -0.58065015 0.15631197 0.0704045 -0.22610004 0.3868511 0.09107448 -0.80649155 0.020384826 -0.750361 0.6273312 -0.53340733 0.5904426
10298 0.6816213 -0.8170347 1.2710285 -0.1434135 -0.028703816 0.5337892 0.055424966 0.04278216 -0.94669217 -0.3741959 -0.15901262 0.6249973 -0.76942366 0.6713164 1.2972096 0.41911468 -0.27133024 0.09379231 0.44112986 0.056947872 0.23697914 0.494844 -0.86197096 0.04942737 0.23993556 -0.41437352 0.076569974 0.31320858 0.6475646 -0.16939726 0.086470045 0.82022154 -0.20686416 0.03124601 1.0305253 0.074262 -0.115542576 0.07271056 0.46917385 0.009107358 0.9999622 0.064931974 -0.38131383 0.60090566 0.16512984 -0.049993414 0.09288113 0.38405615 -0.27875534 0.7945964 0.29799113 0.7052413 0.03227693 -0.52041894 -0.5189737 0.5674943 -0.20917329 1.0611188 0.28339994 0.36957464 -0.6342207 -0.17670731 -0.14270756 0.15106751 -0.119771734 -0.18192022 -0.36250946 0.19698182 0.23361187 -0.55362993 0.06510069 0.2130718 0.35050368 -0.10263881 0.07085241 0.32573318 -0.89597595 -0.58182704 -0.24166791 0.15787733 0.37799186 0.6267037 -0.43421075 0.7321783 -0.18659689 1.0623903 -0.07346146 0.1099157 -0.07754503 -0.18824899 0.07284211 -0.97188747 0.73303556 0.39495778 -0.36174625 0.024441399 -0.27963275 0.53344375 -0.44208926 -0.24582434 -0.47990018 0.24253318 0.7690751 0.61967874 0.8789013 0.07532541 0.580246 0.21616893 0.2888999 0.39739212 -0.82929564 -1.1143204 -0.67789793 0.11469858 -0.10289461 0.31195003 0.25877357 0.14859602 0.13220638 0.6952507 0.16043499 0.113511406 -0.63184404 0.18070143 -0.9877844 0.48772347 -0.8210785 -0.4079598
1209 -0.34856158 -1.002337 0.01895481 -0.26068974 0.68007123 1.2307117 -0.40141365 0.5860076 -0.029076334 0.072190866 -0.38976154 0.06527423 -0.4445826 0.7407167 0.04145433 -0.834081 0.19580217 0.50426006 -0.4726091 0.5203732 -0.14369954 0.75221246 0.60210884 -0.09395954 0.2525002 0.116542414 0.50885797 -0.39330453 0.6833885 -0.35034338 -0.29015177 0.43802658 -0.14091742 0.5179738 0.15005906 0.09900352 -0.39400512 -0.978851 -0.57072335 0.4673494 -0.25356084 0.11260047 0.383566 -0.45246798 0.049880557 0.13586816 -0.81324726 0.46504062 0.38368234 -0.062058058 -0.04881688 1.194596 0.40739715 0.9118754 -1.0326633 0.19065014 -0.45209506 0.21021886 0.9420573 -0.109656215 -0.10989286 -0.71679294 0.5634867 0.1436495 0.91084063 0.34537143 -0.14366984 0.6748173 -0.22500269 -0.27556014 0.18741763 -0.40533957 -0.030899292 -0.2883692 0.5213563 -0.59263396 -0.86810774 -0.23633727 -1.0087712 0.41828403 0.106478415 -0.17089859 -0.057798043 0.9701528 0.51602864 -0.13766369 0.4719697 0.032361332 0.12934273 0.57656395 0.6423874 -0.25173184 0.39580634 -0.130337 0.5369323 0.40949616 -0.26614797 -0.18377368 -0.23388462 -1.0910752 0.2150723 -0.5941466 -0.3773527 0.2070767 0.41220862 0.18494508 -0.32676482 0.46950457 0.4046715 0.060519107 0.06377625 -0.34775412 0.4844385 0.9073873 -0.08454068 0.17694768 0.47673866 -0.44490233 0.60818666 -0.2995047 -0.27205485 -0.08045992 0.35125002 0.4060893 -0.49570212 -0.2499949 -0.4400712 -0.32983837
1953 0.8025212 -1.2019645 -0.16759999 0.10030505 0.4000663 0.30167565 -0.6446117 0.7477185 -0.25515762 -0.0739475 0.22123711 -0.044888645 -0.73944056 0.35874316 0.56723 0.66512656 -1.0868301 -0.0107827 0.66878206 -0.48614296 0.392664 0.43263572 -0.10441433 -0.68479633 0.039826464 -0.047957405 0.14105606 1.281694 0.016333126 0.4189634 0.14577833 -0.5045273 0.8684282 -0.035701156 -0.015319796 -0.57552266 -0.051737644 -0.7112985 0.5275872 -0.018892916 0.36564973 -0.7108795 -0.19654006 -0.42274696 0.75796074 -0.17207685 0.22210993 0.5580546 -0.54445463 0.8732599 0.04911618 -0.56433 0.26544482 0.18099056 0.35860267 -0.3553775 0.52867836 0.5410252 -0.28673446 0.1785463 -0.5582467 0.06898634 0.39749613 0.34736526 -0.06474634 -0.0143219335 0.30539313 0.90784985 -0.7757082 -0.16027036 0.18657726 -0.5785478 0.3463994 -0.68222576 -0.48548052 -0.7308962 -0.7238421 0.049389943 -0.15382892 0.16046433 0.41150227 0.035717234 -0.31531802 1.1807258 1.1422118 0.9433961 0.74397045 -0.27585614 0.29641107 0.37423322 -0.29004785 -0.21927384 0.50216454 0.12461064 0.021460915 0.39894387 0.7385916 0.19319078 0.029262584 -1.010212 0.63106185 0.21954732 -0.9431399 -0.050118785 -0.05215355 -0.44076434 0.015117753 0.9948212 -0.1601854 -0.5785038 -0.108037576 0.022470009 -0.96393615 0.43790036 -0.48427007 -0.16589655 0.031597536 -0.056886464 0.013736251 -0.10086035 -0.5434433 -0.062251136 -0.029727848 0.32040566 0.30745372 0.3169838 -0.46961126 0.18488732
3673 0.900604 -0.44825774 0.03985308 0.45421422 0.33189064 -0.2582546 0.31680772 -0.69845116 -0.17512721 0.6322829 0.7306737 0.41163704 0.24020387 -0.3056352 1.0581758 -0.16871397 0.40985465 0.4590762 0.35556635 -0.39074743 0.4196324 1.0129371 -0.5129255 0.48242256 -0.50536865 0.11501813 0.12162295 0.5312593 0.44665244 0.6646544 -0.78249353 1.6050605 0.38862905 0.787306 1.333006 -0.031615768 0.26693383 -0.4190139 0.8224517 1.2072192 0.64462173 0.90178967 -0.077435546 0.4850234 -0.22098769 -0.41509184 -0.92614186 1.2271049 -0.20877706 0.81507105 0.18893519 -0.17880149 0.05743075 0.44305632 -0.054512363 -0.37820184 0.19121456 0.3919175 -0.70882475 0.28403702 -0.41076913 0.16790575 -0.0057084416 0.06260339 0.35217667 -0.6600815 0.5760122 0.3848614 0.19166203 -0.31796688 0.013630806 -0.6344078 -0.021728005 -0.8776825 -0.58415884 0.043334484 -0.13356893 -0.90416276 -1.0607663 0.07145992 0.3014768 -0.48278695 -0.36232257 0.47561318 0.29906666 0.7544213 0.64210474 -0.8072156 -0.613207 0.55722404 -0.08938866 0.11567869 0.0834508 -0.57864684 0.32330227 -0.6446678 -0.32280758 -0.5759769 0.4181591 -1.1735255 0.12767604 -0.5416106 -0.7867635 0.31782296 0.80812955 -0.6374296 0.021083804 -0.10215847 0.5041959 -0.10436658 -0.085078724 -0.62405854 -0.32231843 -0.5650816 -0.7522862 -0.59510463 0.052311216 -0.23988608 -0.63422096 -0.3526961 -0.075078145 -0.36879987 -0.8627936 0.24697581 -0.45331436 0.8327044 -0.17250882 -0.011506841
4070 0.1430651 -1.1096892 -0.02013449 0.7043835 0.61490434 0.43265972 -0.45602775 0.31242037 -0.7818553 0.36494067 -0.7656931 -0.45100674 -0.55510455 0.4916636 0.6595856 0.7829822 -0.85293275 0.28050599 0.0949619 0.2897916 0.33098593 0.79324967 -0.2980856 -0.93585837 0.0030780586 0.04756478 0.0148406355 0.8325237 0.27921975 -0.12799913 0.3584095 -0.28493 0.13712764 -0.13901588 -0.6312729 -0.14165036 0.19064939 -0.13150515 0.08302131 -0.351405 -0.25498033 -0.49027896 0.8129013 -0.4661018 0.40314645 0.3112945 -0.26815936 0.03913913 -0.3767468 0.0530696 0.73815686 -0.007556468 0.9168738 -0.387049 -0.24607465 0.13901329 0.91360086 0.01314159 0.4648904 -0.08583128 -0.1389026 0.25337744 -0.16464472 -0.0011258206 0.21104139 -0.047722124 -0.13867067 0.616886 -0.46155474 -0.23048241 -0.4514658 -0.32374662 -0.6881268 0.023628691 -0.43359834 -0.83201116 -1.0539635 0.5270647 -0.026740836 0.95218986 -0.32683474 0.4170319 0.17124647 1.1826974 1.2052763 0.19919552 1.3332863 -0.22547376 0.4843738 -0.1027225 0.32803202 -0.9047876 0.22754209 0.2516434 0.27525678 0.505611 0.45868582 0.44039896 -0.5455779 -0.7563267 0.45686266 0.6967484 -0.8143208 -0.23692173 -0.41338083 0.09782829 -0.771542 0.8228062 -0.39613038 -0.47679588 0.8197489 -0.50232 -0.06429098 0.55913633 0.32320353 -0.33555964 0.02307991 -0.28471008 0.050851103 -0.22029169 -0.38250726 -0.11262958 0.20099632 -0.64454585 0.29773784 0.31110626 -0.5790641 0.18858871
2214 -0.8840655 -0.48618317 -0.34871745 0.8255162 0.7148996 0.55483603 0.054357324 0.094517775 -0.8583579 0.17262286 0.43876114 0.36783916 -0.29915944 0.4573215 0.62685156 0.9002309 -0.95088214 -0.15449566 -0.27497563 1.1512266 0.2060729 -0.04802289 -0.061150555 -0.7686784 -0.32250232 0.11117175 -0.45318198 0.84048575 0.32666543 -0.26372394 0.34152645 0.7844401 -0.11641573 0.3762778 -0.4801711 -0.2401633 0.19733825 -0.10298618 -0.13235871 -0.4068324 -0.23069774 0.38917437 0.37483162 0.13694268 0.8395613 -0.3748809 -0.31283095 0.035772506 -0.11248075 0.55746734 1.0169686 0.04190494 -0.69920576 0.6015036 0.13658781 -0.66075927 0.068936415 0.054765776 0.24503174 0.443543 -0.18483114 -0.21999763 -0.088813476 -0.5530968 -0.35691893 0.79072547 -0.54821765 0.19620635 -0.19383669 0.47852615 0.41353124 -0.020995894 0.15183583 -0.3871129 0.6331753 -0.9237837 -0.7410952 -0.20226754 -0.04627764 1.323125 0.37010235 0.37594444 0.14678197 -0.01867003 1.1953648 -0.0039974 -0.17322013 0.12873028 0.22125289 0.24989535 -0.37209532 -0.22427969 0.2891571 -0.80708367 0.45330507 0.032746352 0.6296505 0.7494963 -0.94374096 -0.7206795 0.38337436 0.7626936 -0.740574 0.01840924 -0.43561077 0.4405963 -0.64317036 0.4090108 0.40248638 0.33317503 0.13374978 -0.55034566 0.025557194 0.23096709 -0.6926504 -0.4175559 0.26626322 0.05231064 0.040970344 -0.6731103 -0.45347968 0.43944177 -0.2129358 0.5200792 -0.939587 0.017630553 -0.79340625 -0.2771962
3133 -0.34518486 -1.1222243 0.5078082 0.73498595 0.12988214 0.22262707 -0.53935754 -0.5233025 0.007236101 -0.65954703 -0.43366948 0.034981325 -0.9546749 -0.4254064 0.56942177 0.738653 -0.74450964 0.36706567 0.7169152 0.47473738 -0.10201918 0.996806 -0.96275413 -0.5958558 0.1700639 -0.4266657 -0.7409868 0.7966891 0.45997173 -0.23891251 -0.49397168 0.34449628 0.062938176 -0.6937797 0.4442331 -0.37535653 0.24186686 -0.23293243 0.604282 0.5632071 0.39210287 -0.4900148 0.22257185 0.057854485 0.47958994 0.66374224 0.0018300297 -0.5622051 0.32349905 0.21744385 0.34598857 0.3613062 -0.44277698 -0.31310886 -0.033138014 0.4697346 0.60148746 0.05490259 -0.8843285 -0.04020012 0.38099384 -0.66252977 0.7131031 -0.23910528 -0.34920552 0.7045085 0.4388853 0.83938825 0.31228858 -0.5530767 0.37162727 -0.8400929 -1.0424137 -0.8147868 0.08061149 -0.011732542 -0.8040745 -0.08677416 -0.24398682 -0.102670476 0.075620286 0.24422309 0.47043368 0.2979814 0.26575887 0.10089101 0.23187645 -0.032021992 0.96162605 0.7591062 -0.6352806 -0.57060355 -0.22562999 -0.36969417 0.501714 -0.17226677 0.022971448 0.51817244 -0.032258146 -0.22041717 0.76200324 0.32816392 -0.5115951 0.08062477 -0.076682575 0.23713753 0.25701398 -0.2092639 0.6931483 -0.02483249 0.2821964 -0.8151606 0.41445935 -0.11105357 -0.9054269 0.07987344 -0.14772318 -0.22672263 -0.12343945 0.27731502 -0.1532081 0.6059805 0.1438477 0.37818465 -0.50129426 0.31459117 -0.6985772 -0.37819928
8703 0.03835439 -0.73139644 -0.0880861 0.43028054 0.7211883 0.8203095 0.30645284 -0.11899463 -0.0009927666 0.0028334863 -0.9397615 -0.19021526 -0.526092 0.605372 1.4982666 0.59817326 -0.024798982 -0.07195965 0.05479702 0.64292264 -0.20272979 -0.012144281 -0.62862545 -0.016107524 0.08634853 0.49524325 -0.21333721 -0.40356746 -0.3128923 0.7178153 0.44684863 -0.057398718 -0.1132833 -0.071445286 0.06316142 -0.50774294 -0.53733116 -0.79071003 -0.56300783 0.034397904 -0.7160559 -0.065330364 0.5100952 0.841183 0.4399509 0.19469488 -0.3103987 0.72499835 0.3933896 1.195879 0.57150596 0.6303065 0.76022893 -0.33067626 -0.39906502 -0.31051642 1.0241055 0.14267932 0.19497916 0.6935925 -0.69762313 0.27989024 -0.19990437 -0.35013112 0.009841624 0.59924585 -0.23919953 0.35276222 0.4632655 0.1195392 0.16589773 0.08477484 -0.48069018 -0.31991148 0.082370445 -1.1917086 -1.369034 -0.12122499 -0.723517 0.38211554 -0.12521176 0.41506463 -0.12414618 1.0403262 0.40006754 0.25347894 0.49410892 0.5069577 0.57094115 -0.78671116 0.96152663 -1.1798177 0.2510387 -0.16721857 0.288333 0.4302872 0.34738183 0.06473448 -0.49880603 -0.33057907 0.19413565 0.4462734 -0.09025106 0.972972 0.094973564 -0.4797372 -1.2424273 0.57082444 0.18894957 -0.28254983 0.70027673 -1.186387 -0.5259862 0.22835216 -0.08420288 0.48454717 -0.14586456 -0.32354206 0.24062276 -0.29202518 -0.18238245 -0.14110462 -1.0141286 0.039414737 -0.83076805 0.43334424 -0.06077014 0.370142
49 -0.32513306 -0.899087 0.1424237 0.66706514 0.18751426 0.80283487 -0.067136176 -0.2453359 -0.39911276 0.14359085 0.033556573 0.028396249 0.1726506 0.53996503 0.28679442 0.39368254 -0.5789992 0.63648385 0.017242162 0.37490785 0.45066035 -0.11300781 -1.0007486 0.17534955 -0.37432575 -0.81067157 -0.605432 0.27147156 0.44229648 0.3647741 -0.29660052 0.7935984 0.71939874 -0.43686786 0.956832 -1.0921408 -0.06568544 0.12775283 0.0005869838 -0.3824749 -0.101736814 -0.1499838 -0.3751162 -0.20607354 -0.1973314 0.5130076 -0.2637883 -0.33571708 0.36180142 0.5747977 0.35651785 0.5240006 -0.5375446 0.48527128 -0.95737386 -0.3399179 -0.18150455 0.12750466 -0.44921038 0.59547704 0.18110655 -0.46022022 0.3832743 0.08728206 -0.5760687 0.24556534 -0.5699521 1.1276855 0.43866715 -0.07913296 -0.44018972 -0.06400076 -0.5998222 -0.33460435 0.33917224 -0.46920723 -1.2106562 -0.5995379 -0.61954397 0.30587783 0.12052702 0.04323165 0.5280856 0.5828326 0.41469002 0.5634875 -0.20743586 0.09765627 -0.03220557 -0.0828564 -0.3402875 -0.06760247 -0.013368133 0.41350272 -0.012944329 -0.6854855 0.7144318 0.013984864 -0.3664049 -0.70968044 -0.26564667 0.5064658 -0.6881572 -0.8655687 -0.669571 0.5821739 0.44316703 0.4431111 0.52671486 -0.51793385 0.50798094 -0.22774154 0.49176636 0.012457365 0.5298883 -0.6109997 0.43611836 0.06690766 0.01664272 0.27460226 0.1597067 -0.061022133 0.36615705 0.12375463 -0.5189662 0.79619294 -0.19363663 -0.3912334
2158 0.3145625 -1.1842122 0.2943941 0.69489264 0.07267268 0.1837257 0.11798465 0.1094459 -0.32505178 -0.4112511 -0.20692237 -0.6523872 -0.7817018 -0.16703084 0.5896108 0.7384737 -1.1558996 0.62121403 0.9378795 0.5121279 0.12041336 -0.118251644 -0.2573236 -0.0075443434 -0.5239266 -0.1333438 -0.38383925 -0.15600817 -0.5052663 -0.3923465 0.4697223 -0.3746759 0.6415344 0.149946 -0.41656992 -0.797865 0.11659751 -0.25340214 0.2066776 0.20017202 -0.1845123 0.049117304 -0.72054523 0.7157524 0.08236928 0.72046816 0.81774074 0.56819427 0.28221986 0.76011956 0.08454181 0.6762964 -0.3221377 -0.30829966 -0.8078301 -0.5143307 0.8225231 -0.20809074 -0.043608114 -0.3381322 0.08717407 -0.87350744 -0.13528563 -0.01789666 0.066973954 -0.2762269 0.32059577 0.473765 -0.5373755 0.029340712 0.3928568 -0.09656663 -0.7442528 0.04794435 -0.33660436 -0.4554634 -1.6130542 -0.81838185 -0.20003149 0.14481291 0.19201747 -0.47568503 0.8614014 0.34330183 0.7684314 0.11021713 0.21766171 -0.8533751 0.07307417 0.023469102 -0.15041879 -0.13717186 0.5367452 0.60647696 0.35359913 0.47801957 -0.25662914 0.6786799 -0.2893175 -0.66085196 0.11033356 0.11252044 -0.24061131 0.3230818 0.35525036 -0.18095158 0.35337517 0.2437134 0.063175045 0.23698364 -0.09284811 0.37556309 0.33701223 0.39201215 -0.20876877 0.21427001 0.851295 0.47071537 0.21287441 0.21101859 0.11800907 -0.398193 -0.12240835 0.18857712 -1.0970017 0.5439462 0.5132342 0.50208974
3940 0.58952034 0.05644548 0.3229291 0.4875902 0.708201 -0.54889876 0.5346224 0.29646957 -0.8675937 -0.23741871 0.6994881 0.39131287 -0.6117542 0.45291257 0.6197468 0.1757824 0.3902641 -0.3771187 0.4410974 -0.42269972 0.60498565 0.86570644 -0.73012215 -0.5841264 0.37614796 -0.5211478 -0.41588306 0.28766087 -0.035409335 0.61965173 0.2747007 0.5566377 0.7815722 0.77849483 0.44490775 0.40456757 0.16341174 -0.07355716 0.25086275 0.872565 -0.18321767 0.84757966 0.87874424 0.8226319 -0.44676238 -0.34415963 -0.5752282 0.8479592 -0.78188896 0.2627975 0.95467734 0.40839952 0.26969016 0.17790017 0.08953242 -0.07372915 0.17601041 -0.29380327 -0.10863801 0.42558423 -0.4132056 -0.34435228 -0.06473014 -0.20761354 0.29977232 -0.4989898 0.094529346 0.20674491 -0.51174307 0.60956895 -0.60858476 -0.50310147 0.4669323 -0.23515613 -0.1180087 -0.2835497 -0.61767566 -0.21269906 -1.1623694 0.43802384 -0.610587 -0.12706435 -0.40534952 0.749054 0.34404138 -0.10785739 0.48085403 -0.7872406 0.046925355 0.28154045 -0.31319353 -0.41124952 0.714711 -0.2531372 0.37834206 -0.27154547 0.21440783 -0.0034149003 -0.1284421 -0.89757043 -0.69965136 -0.646407 -0.7387394 -0.08061277 -0.08722238 -0.91454905 0.008226338 0.47817355 0.3476677 0.093106225 0.6653736 -0.77623475 -0.6935221 -0.008680032 -0.95756483 -0.0016865361 0.7212369 -0.10176463 0.17114441 0.13224673 0.23235147 0.26117977 -0.09218135 0.35361448 -0.45636466 -0.55337536 -0.32180583 0.111100815
3937 -0.07878988 -1.1733394 -0.4052372 0.52242327 0.06944887 0.8804335 -0.35311732 0.19653134 -0.29108992 0.6533824 0.2576312 0.53518873 -0.36012703 0.31310493 1.2390584 1.1275579 0.22892442 -0.8813301 -0.41757134 0.5674764 -0.09495173 0.28890797 -0.6917223 -0.5878101 0.37012002 0.08114174 0.35218352 0.26760328 0.30567694 -0.57417417 -0.23369949 0.17827809 -0.85702366 -0.42225516 -0.5565578 0.5887949 -0.06282533 -0.7464699 -0.49551776 -0.86967 0.112603806 0.24529095 0.32076868 0.35235903 0.37127304 0.67002064 -0.14443964 0.31168613 -0.6373397 0.2450893 -0.09167253 0.83949643 0.3561934 -0.3703684 0.075691864 -0.36759362 0.4732979 0.18516316 0.016959669 0.19351128 -0.4716067 -0.8005762 0.052147634 -0.6158301 0.020519204 0.039041407 -0.39549696 0.33430734 -0.3579419 0.6451309 -0.47621152 -0.3367384 -0.061274987 0.1844371 -0.5005242 -0.72302544 -0.6364102 -0.075831726 -0.70110565 0.9203745 -0.56824076 0.48711783 0.40011814 0.3213966 0.8974053 -0.2458983 -0.052322287 -0.22763032 0.8057179 0.24740952 -0.3790647 -0.5061401 1.102357 -0.17606008 0.6716407 0.33900473 0.786272 0.01744206 0.021472426 -1.0414095 -0.5578113 0.7119554 -0.8588932 -0.22584473 -0.29860118 -0.30726665 -0.7957027 0.7205035 0.117758855 -0.7793904 0.052896798 -0.98352283 0.032214776 0.26132002 0.009179745 -0.14470461 -0.098242566 -0.5358361 0.26567665 -0.6737361 -0.35604152 0.15330999 -0.07632644 -0.20086162 -0.621017 -0.5921258 -0.6897519 -0.041686714
4666 0.37431115 -0.9314537 -0.102615334 0.84489065 0.051823195 -0.4556445 0.13053584 -0.6255954 -0.8735094 -0.32944876 0.0061560147 0.86132264 -0.0037649444 0.6186497 0.6189256 0.11870867 -0.73962635 0.30437577 -0.98357785 -0.1757685 0.8503647 0.9339914 -0.28387234 -0.52213746 0.47805667 -0.5549317 0.27180713 0.6910309 0.44595242 -0.06089036 -0.009334666 0.8197872 0.25207785 0.52643406 0.62918127 -0.51097363 -0.6446502 -0.13425279 0.37345853 0.6321207 0.5640808 0.30115476 0.30604848 0.69121194 -0.02108481 -0.39197737 0.2872765 1.1789047 -0.451163 0.17729244 0.17633557 0.22950019 0.27738884 0.33684728 0.09104616 0.1967901 0.14161532 -0.13637775 -0.07130853 0.7559193 -0.5154336 0.23488118 0.59188265 -0.07258736 -0.5458871 0.61468816 -0.10894021 0.82391137 -0.41703692 0.031805947 0.10417605 -0.91795474 -0.20062625 -0.89778185 0.25831628 0.2860799 -0.39919597 0.0051997984 -0.60041565 0.048222397 0.57045996 -0.32750812 0.31798953 0.9424769 0.11199082 0.37663692 0.12833688 -0.41434857 -0.5163209 0.33871317 -0.1164736 -0.14877403 0.38723847 -0.5927607 0.11326468 -0.28787565 0.66653085 -0.089022584 -0.40661696 -0.103652544 -0.6931477 -0.0067746043 -1.0158675 0.22544643 0.3656132 0.40570882 0.3371823 0.1068549 0.2668817 -0.08702266 0.27517435 -0.049533073 -0.23180412 -0.16500401 -0.57135123 -0.6484759 0.45284414 0.08717607 -0.22506495 -0.9105435 -0.6384681 0.68642396 -0.56649953 0.5156705 0.23680606 0.14787939 -0.6803028 -0.16995847
2316 -0.15226863 -0.8825165 0.76253575 -0.3244663 0.13364436 0.6285024 -0.34309277 0.5758915 0.12310942 -0.50971437 0.18884301 -0.18353339 -0.40895402 0.92488337 0.7490427 -0.15650006 0.471938 0.2186136 0.69218284 0.28719783 0.07838607 0.82637495 -1.0111276 0.43420574 0.26319203 -0.7547367 0.16168308 0.6171576 0.517853 -0.058617055 0.018022379 0.27200186 0.5963392 0.684586 0.6017319 0.0990189 0.26003134 -0.68276465 -0.57986236 0.1427861 0.65655744 0.43461946 -0.0049410323 0.0017496484 0.7342227 -0.25000182 -0.5667824 0.6721636 -0.9201792 0.9087104 0.69816417 -0.026408823 -0.09899423 -0.32077608 -0.66436803 0.17976607 0.064621024 0.7408243 -0.26070714 -0.2949292 -1.6105105 -0.09814071 0.45341396 -0.4668899 0.640489 0.638301 -0.44095442 -0.35034728 0.15819389 0.10404375 0.46504134 0.10764469 -0.5930061 -0.67715794 -0.2442288 -0.115602754 -0.27387935 -0.07850145 -1.2393417 0.043908022 -0.9796147 -0.034705944 -0.45814374 -0.48108795 0.77351475 0.2975664 0.007363413 -0.013868889 -0.38731185 0.7439406 -0.14855704 -1.0447063 -0.498963 0.123387836 0.019036485 0.4396691 0.41681007 -0.043491732 0.015045678 -0.40772054 0.57508606 -0.6677096 -0.20144217 0.16975251 0.67046684 -0.31712952 0.4047122 -0.118479505 -0.25553513 0.28386262 -0.49333 -0.41320434 -0.14664723 0.11135289 -0.4323144 0.12998997 -0.35271758 -0.067647986 0.06626413 -0.19328117 -0.5429566 -0.8821919 -1.0585728 0.15750466 -0.035724647 0.86976534 -0.9551269 0.5746492
8579 0.6122024 -0.3563157 -0.3885545 0.28687298 0.037356924 -0.12404033 -0.018801646 0.28765798 -0.019465143 0.46916634 -0.4218324 -0.54690886 0.27579927 0.9190134 0.3871308 0.21484844 -0.8290955 -0.44269106 -0.08049646 0.77471375 0.6596294 0.8141783 -1.1181563 -0.3861938 0.2299833 -0.017814524 0.12930115 1.0710279 1.0338068 -0.457299 0.38241458 -0.22458065 0.338421 -0.2433028 0.23161174 -0.36344522 -0.109116144 -0.031979006 0.08426251 0.2605173 -0.35514152 -0.44431287 0.4410019 -0.15447366 0.258398 -0.08811558 -0.41273972 0.6874464 0.086797446 0.6065046 0.8506117 -0.3076287 -0.10731186 0.15692392 -0.5679489 -0.45759973 0.40032324 0.8124056 -0.44229966 0.5535481 -0.94351333 -0.35264322 0.40066928 0.2924201 0.08382405 -0.019280989 0.17365098 0.5656285 -0.6561561 -0.17501634 -0.40782928 -0.3333942 -0.6754194 -0.84025854 0.053362716 -0.33996332 -0.4097711 0.33804238 -0.86006886 0.18270162 0.34269744 -0.6924632 -0.23166467 0.8286158 1.0460869 0.457869 0.082007274 -0.29174048 0.7258153 0.9833986 0.18600136 0.36074242 0.7844517 0.094440185 0.5203527 0.3933312 0.6120823 0.2545131 -0.6340785 -0.5301908 0.056053445 0.05735401 -0.89315337 0.116927825 0.14569914 -0.14251679 0.044480618 0.6291597 0.6371794 0.37164998 -0.4987785 -0.44083336 -0.3191817 -0.3196614 -0.7879937 0.2655027 0.3114157 -0.18964149 -0.095150396 -0.20612212 -0.7319259 0.5844418 0.100979164 -0.49149865 0.0008582377 -0.7218506 0.17739215 -0.20317155
4103 0.19655056 -0.6582979 0.20622672 0.31885374 0.84121644 0.23735663 -0.6862912 0.54552567 -0.7266849 -0.03025974 0.31262133 -0.067843415 0.10647942 0.026471267 1.0034083 0.7701485 0.27217057 0.39381623 0.12967506 0.43398234 0.19245204 0.38986602 -0.9112511 0.2576977 0.5295894 0.243724 0.2175395 -0.41187835 -0.107565254 0.3218771 -0.49779305 1.2431479 0.07270302 0.027704831 -0.26864105 0.8425196 -0.12568368 -0.21219206 0.18867058 -0.15595314 0.2600949 0.6701812 0.8889065 -0.24555661 -0.1867305 0.03059497 -0.21281144 -0.12666933 -0.28720215 0.75083584 0.74224615 0.33611384 0.113142945 0.24422222 -0.8454674 -0.1614623 0.1668833 0.3039779 0.0072293715 0.32171667 -0.6228132 -0.28055316 0.20195603 -0.86917925 0.39466265 0.4989982 0.5085199 0.49879152 0.78130925 -0.41675207 -0.4021465 0.05892612 -0.8630488 -0.15816572 -0.2857105 -1.0119138 -1.1340777 0.26306948 -0.79365486 0.3993782 -0.9238109 0.40516156 -0.32048383 0.33222586 0.3920127 0.9933552 0.4597158 0.09471681 0.21222152 -0.049321823 0.510545 -0.71913975 0.08763343 0.16492346 -0.55295295 0.13485293 0.27714306 -0.35109836 -0.11504465 -0.85382825 -0.16674393 0.26320755 0.028096732 0.713488 0.2696053 -0.36825836 -0.2138978 0.18634379 0.3722844 -0.6549275 0.5193358 -1.2543862 0.43374315 0.028814718 -0.22830777 0.20506868 -0.5254946 -1.0685881 -0.21641111 0.9130679 -0.7827055 -0.35996646 -0.13123466 0.33810952 -0.7834573 0.9215168 -0.17066722 0.34462482
3986 -0.3863361 -0.74516946 0.24250787 0.63084584 -0.41580462 0.6202968 -1.0950367 0.392497 0.10688571 0.5454166 -0.8061653 0.32810092 -0.5883713 0.22656274 0.71014917 0.4605243 -0.01576095 -0.14042997 0.27169028 0.967242 0.15264688 0.42027172 -0.69101477 0.2919903 -0.37630838 -0.8105218 0.53544015 -0.093492046 0.29461128 -0.25462213 0.026811356 -0.008026479 -0.7826465 0.22419943 0.4318099 -0.6240762 -0.35697693 -0.32013172 0.5380188 0.6796996 -0.4736905 -0.6376905 -0.060639895 -0.2711137 0.18607932 0.73906994 -0.31072924 0.8732327 0.47401983 0.7265619 -0.3485194 0.27756009 -0.4074613 0.7547162 0.10808019 -0.5285394 0.90056777 -0.014634489 0.12749621 -0.74887407 0.4448093 -0.123026036 0.9491092 0.34640142 0.7243685 -0.10152356 0.07221929 1.2144266 0.6096717 0.13015515 0.2073721 0.04007284 0.14279847 -0.54122436 -0.35608476 0.4988817 -0.31654444 0.090977184 -0.86164635 0.61108196 0.002306686 -0.12151504 -0.104368344 0.96210325 -0.34258306 0.7192698 0.1819782 0.5719604 -0.20393312 0.29178214 -0.0927589 -0.7992072 -0.53847265 -0.1523132 -0.44392052 0.112224266 0.048897613 -0.08828768 0.37082165 -0.8373896 0.46705294 0.81603813 -0.10279386 0.56937903 0.1324105 0.35842407 0.7479324 -0.045392953 0.76108396 0.20677918 -0.8125389 -1.0789455 -0.22907563 0.7624997 -0.26765645 -0.085779704 -0.0672466 -0.8001881 0.3623773 -0.32858768 -0.2879986 0.34382808 0.54062486 -0.22155654 -0.8354294 0.72498554 -0.4954229 -0.6423926
1853 0.38706303 -0.5093368 0.28514925 0.3228687 0.65447694 0.1937248 -0.022492634 0.31967378 -0.533917 0.75567573 0.2852282 -0.7210487 0.07404705 0.94372964 0.7185515 0.81733227 -0.83937484 0.4562331 0.39222383 1.1307236 0.67925805 0.047340922 -0.88808453 -0.30533367 -0.4094661 0.5035652 -0.18777378 0.49717733 -0.043927502 -0.15382956 0.24317235 0.3786034 -0.22768354 -0.08170832 -0.73331606 -0.30030176 0.26983014 0.20439969 -0.29387963 0.17392425 -0.39288604 0.7006643 -0.12130508 0.7799243 -0.032554816 0.44009036 -0.20303412 0.24298911 -0.32113427 0.49054927 0.0863041 0.64098513 1.2480022 0.44864357 -0.068304725 -0.27408203 0.88091147 -0.15945765 -0.64573395 0.56083804 -0.15108283 -0.75528246 0.5161659 -0.62000173 -0.17716773 0.2811055 -0.3690641 -0.31613657 -0.198349 0.20711529 0.09742572 0.17829677 -0.8476222 -0.13134192 0.5482663 -1.4400299 -1.2660866 -0.25665992 -0.32191947 0.1451149 0.018802105 -0.053812634 0.024284698 -0.048815303 0.7446046 0.6067278 0.38434514 -0.20792344 -0.18155584 -0.24916549 0.36706683 -1.0435344 0.4310883 0.11943045 0.53381723 -0.07519068 0.76909196 -0.34392238 -0.10991604 -0.35014763 -0.74890053 -0.09556332 0.36747137 0.26318935 -0.27477244 0.11335916 -0.5638895 0.03558489 -0.17314373 -0.622524 0.30614644 -0.49239627 0.58220804 -0.5539154 0.21020278 -0.3703031 0.10097531 0.24264759 -0.6699503 0.79620993 -0.19837974 0.008903736 -0.4262874 0.1736998 -0.17890595 0.008181785 -0.35578445 0.026745684
7197 -0.37117782 -0.9363049 0.5755482 0.32018003 0.17669904 0.6072178 0.03223951 0.040714864 -0.4212729 -0.22554854 -0.6841072 0.64811856 -0.3847247 -0.27774587 -0.12146049 0.39831066 0.044097934 0.5714196 0.80921894 0.2055556 -0.5686215 0.1858663 -0.43873435 -0.25954503 -0.700856 -0.38775352 -0.5353748 0.8331251 -0.015635839 0.13919948 -0.35902667 0.53459454 0.22311847 0.3440042 0.20378424 -0.21098399 0.5754988 0.038796894 0.16023158 0.15442401 -0.03741999 0.46403828 0.51497 -0.42912477 -0.00059379416 0.21761626 0.7042825 0.08143612 0.09360572 0.5069395 0.1987199 0.2324479 -3.3869335e-05 -0.20352931 -0.32518107 -0.31823662 0.5429001 -0.29571214 0.37744543 -0.7708913 0.07110675 -0.41965407 0.9476733 0.29165572 0.74731266 0.5652188 0.6701126 0.61512434 0.6369484 -0.5783526 0.17935947 -0.25567958 -0.94443285 -0.49448895 -0.92314917 0.380626 -0.8545016 -0.21100812 -0.3118565 0.6807432 0.7418694 0.5180458 -0.51606685 0.47459185 0.23704429 0.5970506 -0.35607865 -0.37415877 0.5242077 -0.13895795 -0.3114489 -0.17789239 -0.4378638 -0.32325417 -0.14059484 -0.5554703 0.23095137 0.33979964 -0.17776723 -1.0623991 -0.21562164 1.1115702 -0.3865241 -0.36736494 0.75129974 0.629904 0.0813367 -0.38417256 0.6753301 0.3379293 0.16497956 -1.0941328 -0.4546436 -0.3766931 0.16878223 -0.75906414 0.0044104154 -0.5397139 0.1765772 0.19146147 -0.99034464 -0.41051927 -0.61762667 -0.17510144 -0.74471235 0.5215318 -0.45889848 -0.20709912
6675 0.31463358 -0.021199562 0.23787151 -0.71500975 0.11525494 0.6615881 -0.4426462 0.24208552 -0.34118667 0.4894593 0.58092207 0.63675314 -0.20198497 0.11019575 0.63440037 -0.4525669 -0.10820908 -0.30217466 0.029939165 1.0768772 0.3432728 0.12738122 -0.97025955 0.78131396 -0.5360438 -0.646957 0.3733219 -0.19425218 0.8158983 -0.0065504033 0.22988677 0.60179174 -0.23170717 0.25643802 0.22474535 0.034466654 -0.4178813 -0.33269885 0.44593504 0.7906885 0.17884143 -0.02402306 -0.64412165 0.8177759 0.74208564 0.57259506 -0.42405203 0.7313209 -0.42537367 1.2329806 0.61329687 0.8859783 -0.5537446 0.39197722 -0.1919363 -0.020079907 0.23705302 -0.1533881 0.230469 -0.010877759 -1.2474726 -0.28088602 0.026952451 -0.26316282 1.2113156 -0.3839383 0.43718418 0.7022472 0.17774317 -0.025434352 0.7385183 0.6484834 0.5605242 -0.18231641 0.086053185 0.6106829 -1.1155367 -0.9944428 -0.97467184 -0.061886076 -0.0028060272 0.23823445 -0.48717868 0.122642174 0.32532817 0.28686133 -0.033183932 -0.5206423 -0.02202995 0.1930286 0.51829827 -0.8442363 -0.09215426 -0.6871327 -0.10727442 -0.47016525 0.7438806 1.0046071 -0.077938065 -0.75454205 -0.06133125 0.24236342 -0.22347005 -0.49483615 0.39237073 0.4766603 0.27343908 0.2032955 0.2783085 0.16837245 -0.3129685 -0.54313624 -0.54839236 0.12740953 0.18217029 0.58920586 -0.38249972 0.11183852 -0.022343678 0.33859375 0.4415145 -0.0056546843 0.2018771 0.6265062 -0.51235175 -0.27348816 -0.28159708 0.25523388
2164 -0.66911435 -1.2547218 0.1422432 0.4343155 0.29359245 0.13218991 -0.082829475 -0.589564 0.03024249 0.08917293 -0.29871523 0.2221705 -0.31239173 0.27939695 0.7371528 0.67306596 -0.47338867 0.62473637 0.25027114 0.3411689 0.45602348 0.95373714 -0.55314493 -0.04249068 -0.51323974 -0.5434494 -0.078307875 -0.4069657 0.93613565 -0.69857544 -0.5052503 0.004703035 0.30737478 0.38008738 0.027427169 0.4008682 0.028070243 0.4705237 -0.13239646 0.10601444 0.1951685 -0.1336244 -0.3440152 0.45025927 -0.002617889 0.8830873 0.10098985 0.34111458 -0.10895964 0.03510638 0.21839075 0.5149669 0.21541888 -0.27889338 0.0059382687 0.810532 0.76765746 0.47787553 0.35571608 -0.595087 0.3655686 -0.25253657 0.12149204 0.35325146 0.6969525 0.18038878 -0.16344339 0.89450306 -0.5871133 0.030436138 0.52353424 -0.34985703 -0.9673588 -0.22516488 0.27426767 -0.39049992 -1.4223821 -0.40949196 -0.6268682 -0.23078395 0.36130217 0.7378443 -0.20631394 0.20849474 0.37454 0.70568293 -0.10574244 -0.47212404 0.37824968 0.21613583 0.25657105 -0.6919764 0.91747093 -0.6294157 0.7101437 -0.33806038 -0.29017448 0.32394165 -0.85195744 -0.31877828 0.06253869 0.58656144 0.5744354 -0.21791373 -0.39920306 0.9031327 -0.6990099 -0.05068162 -0.46462107 -0.7505401 0.68651044 -0.4141464 -0.15947613 0.21874969 -0.14847627 -0.15986888 -0.5814751 -0.42936793 0.23789369 -0.22163203 0.052435968 0.23794107 0.1359361 0.6525327 -0.6839983 0.6878356 0.054804493 0.19642165
2659 -0.23382734 -0.10862661 0.011553297 -0.018429456 0.072272226 0.99931484 -1.1241566 0.23864265 -0.45700777 0.70441955 0.356916 -0.07104401 -0.48458064 0.65710104 -0.15530974 -0.54945135 -0.48489973 -0.11686954 0.6579015 0.27387983 0.27044836 -0.052219905 -1.0676434 -0.6997226 -0.7019005 -0.09754633 0.5419681 0.57628477 -0.0933495 -0.24263103 0.39273223 0.2902883 -0.0785315 -0.6255081 0.27222553 0.38117456 0.46159333 -0.33717015 0.46157214 0.4542918 0.15165225 -0.3197079 -0.46645543 0.72111 0.052074865 0.77989453 0.30107626 0.34820318 0.26128432 0.8148023 -0.006921087 0.68878794 0.010569897 0.3614029 0.259023 -0.8556185 -0.22746824 0.6841831 -0.039211407 -0.4258274 0.06670242 -1.1199964 -0.12630686 -0.055641674 0.21764705 -0.44335258 0.21344127 0.17100649 -0.14568712 -0.13616532 0.5029641 -0.50317645 0.47286668 -1.0773783 0.17815465 -0.10680469 -1.5436065 -0.6394606 -0.5188856 0.5142373 0.31683987 0.29057103 0.91538024 0.16316444 -0.01948407 0.9845991 0.038271133 -0.4625702 0.6194813 -0.22566654 -0.09589332 -0.041132987 0.26428595 0.27452654 0.44958323 0.025056997 0.39272553 1.0369396 -0.6753979 -0.5720737 0.33533552 0.33609396 -0.56045073 0.5875844 0.4253252 0.18514578 -0.017913949 -0.577218 0.4896321 0.06292671 -0.08880994 0.28940505 -0.1653301 -0.25246972 -0.5577534 -0.82595944 -0.41987517 0.0124698775 -0.025260024 0.39482075 0.54091436 0.547222 0.17283064 -0.15186629 -0.39426887 -0.03382178 -0.6524135 -0.32471755
9916 0.31784958 -0.9306681 -0.17428689 -0.2538732 -0.056855265 0.47246462 -0.22693102 -0.624814 0.42242184 0.2513927 0.4236037 0.24867557 -0.082763724 0.06543021 0.666289 0.06727946 0.34606293 1.2415681 0.23731044 0.24359812 0.85327077 0.3896534 -1.001703 -0.16830751 -0.46455547 0.08443744 -0.5558241 0.043015074 1.0625844 0.118417576 0.071986705 1.1249076 0.17276947 0.38824078 0.19964854 0.118731946 0.056133017 -0.43296623 0.00407018 0.88355535 -0.06875246 1.1201767 -0.3248946 -0.124913685 -0.3358962 0.06328151 -0.0076102405 0.48927927 -1.1938884 0.29407078 0.6166599 -0.27881807 0.49311054 0.8391439 -0.1982634 0.47209197 0.07104419 0.50105107 -0.5128466 -0.66809565 0.076945126 -0.41718245 -0.11389991 -0.039033893 0.9804871 -0.20725024 0.20625906 0.11507033 -0.30377367 -0.6067782 -0.5083202 -0.8208632 -0.3071022 0.32098722 0.21981771 -0.21174796 -0.79532063 0.35160494 -1.3645651 -0.034734853 -0.15510269 -0.31907752 -0.6693958 -0.27317175 0.92772615 1.1602292 -0.00706896 -0.8750661 -0.08576175 0.63520503 -0.6442365 0.06248211 -0.6050787 -0.292119 1.0982914 -0.32404357 0.3934296 -0.18037312 -0.20002396 -0.69061303 -0.3475092 -1.0972627 0.019118873 -0.53338367 0.70864993 -0.33125633 -0.67347705 -0.31615275 0.46308193 -0.21517979 0.48983163 -0.69278836 0.20612459 0.3027029 0.16456226 0.09333886 -0.52381295 -0.52174515 -0.37954548 -0.05343939 0.24213232 -0.19210729 -0.9042442 0.66413534 -0.7951129 -0.32980436 -0.32737797 -0.50933784
7628 -0.35537714 -0.53489226 0.40490377 0.78725046 -0.04969622 0.31344864 -1.0697306 0.5777731 -0.88916516 0.5978067 -0.513372 -0.4807583 -0.044686902 -0.08031741 -0.20701085 0.07555416 0.1790543 -0.073345736 0.17187035 0.7440689 0.10774728 -0.0172929 0.16949019 -0.48007852 0.3028199 -0.52092755 -0.3990639 0.45075992 0.041054104 -0.38602555 -0.30261156 0.08200566 -0.17297561 -0.24390061 0.27555677 -0.47634467 -0.469047 -0.78545964 -0.75735897 0.13433531 -0.7433069 -0.564385 0.27992973 -0.06512304 0.40256402 0.8460193 -0.49454397 0.5761544 -0.64652216 0.5574041 1.1074516 0.7882606 -0.57705307 0.37008896 -0.8140737 -0.11132453 0.27185526 -0.4925305 0.5691672 -0.19422877 -0.5232479 -0.7561594 0.6789459 -0.15120156 0.058867007 -0.11733342 -0.25782353 0.59438545 -0.29149714 0.40381828 0.27665284 -0.4264626 -0.37519678 -0.5475053 0.28677773 -0.5080129 -0.89814407 -0.18895069 -0.32215565 0.01442859 -0.7403425 0.22684357 0.57386017 -0.0126994215 0.3707049 0.5287066 -0.07146886 0.651652 0.1292672 -0.45193657 -0.5974403 -0.14586343 -0.12880094 -0.5924912 0.45513934 1.0397435 0.75397867 -0.15034753 5.1876537e-05 -0.92738086 -0.13643463 0.3428421 -0.20485207 -0.007183095 0.5283899 -0.22083119 0.45465958 -0.048745487 -0.05245224 -0.4271474 0.15519597 0.10064168 0.17191389 0.1506712 -0.33084205 -0.13519731 0.30058208 0.09017607 0.16621654 -0.5976932 0.30654985 -0.4578427 -0.093375 0.9776801 -0.48366565 0.24079277 -0.5257029 -0.6418446
5114 -0.4721659 -1.2790822 0.25660288 0.40790403 -0.5209653 0.9763223 -0.031644538 -0.3962125 0.123762 0.49082094 -0.21960947 -0.05038201 -0.5236736 0.5409825 0.36812732 0.7713828 -0.3165888 0.66663957 -0.2645766 0.5325746 0.518644 -0.0429799 -0.025459839 -0.12831426 0.3910091 -0.38034618 0.695351 0.09809739 0.38524884 -0.32356486 0.49472022 0.6658322 0.46968952 0.020814154 0.58881193 -0.019693023 0.17306153 -0.21539976 0.43688354 -0.5616135 -0.45098096 0.22506171 -0.7949463 -0.2969622 0.17420428 -0.025858548 0.7216484 0.7822432 0.5627799 0.7346939 0.078394525 0.740805 0.21077172 0.40781835 -0.98529875 0.4329438 0.7268718 -0.04826771 0.5740867 -0.09518451 0.21832392 -0.3456801 0.6501227 0.083748914 0.3428809 -0.38590232 0.25413677 0.6641137 -0.40636066 -0.6613278 0.17901479 -0.6438187 0.22331211 0.13333017 -0.30156878 0.2090857 -0.84109575 -0.5322449 -0.3787674 0.40503448 0.75328994 0.22994442 0.031529713 -0.10005512 -0.18282443 0.9274488 0.7047177 -0.6591593 0.5288503 -0.6274199 0.3638761 -1.0212798 0.19444886 -0.37109157 0.20730387 -0.5217172 0.47251377 0.50907046 -0.42387658 -1.1631099 -0.15246624 0.35782966 0.058657214 -0.09782364 -0.6097674 0.8389557 -0.12558253 -0.5684701 -0.39095265 -0.07556383 0.57273096 -0.309412 -0.2196184 -0.19513209 -0.73434234 0.5507823 -0.43170792 -0.30644426 0.10251895 -0.21460646 -0.34630013 0.036180142 -0.3242676 0.30574834 -0.5315632 0.5895784 -0.102522746 -0.49260828
8167 0.24605177 -0.5362264 0.38444254 0.60492 0.8711067 0.61886567 -0.059565946 0.371814 -0.82909256 0.4530779 -0.09356388 0.009596383 -1.1089927 0.23399904 0.28572735 -0.43171498 -0.74282014 0.6222633 0.15051217 0.8024049 0.5111601 -0.19222115 -0.100465275 -0.5867297 -1.2147781 -0.46033573 0.1312226 0.31949 0.16372025 -0.37245387 0.11631352 -0.1771869 0.71491826 0.21012902 -0.27292645 -0.7079871 -0.35701072 -0.41604072 -0.6233534 0.23388337 0.027608652 -1.0537524 -0.61341846 0.45266742 0.91643184 0.8141454 0.4379229 0.3750678 -0.54139024 1.4376771 -0.67208785 1.557185 -0.6390903 0.03909904 -0.3331824 0.107772 0.51639825 0.39152345 0.31514445 0.049390607 -0.14584129 -0.08398804 0.9327936 -0.2545716 0.020123681 0.48157677 0.36946595 0.3678714 -0.032999486 0.45015 0.6433092 0.20316389 -0.59819925 -0.3287977 0.310495 0.52695954 -0.6555484 -0.48173738 -0.72671866 0.05662968 0.64618146 0.34719416 0.47135785 0.414732 0.5290253 0.21053408 0.67799705 0.12971638 0.6122542 -0.56692886 -0.28926265 -0.4861261 -0.08724325 -0.44562298 -0.44032043 -0.19058388 0.25168002 -0.18519247 -0.3600659 -0.49135152 0.74729437 0.21955863 0.29467008 -0.06957031 -0.022596523 0.18732142 -0.33921027 0.15025361 -0.5825018 0.33437878 -0.31387493 -0.481658 0.37970233 -0.09288535 0.102452695 0.2783273 0.74693215 -0.11202656 -0.057588108 0.20145787 0.05391723 0.62452465 0.28340018 0.1328359 -0.004571966 0.2521963 -0.16207534 -0.069673486
6935 -0.6360478 -0.26968503 0.30507743 0.48538843 0.48349103 0.2939629 -0.021069821 -0.18311813 -0.6706775 0.53278476 -0.29386055 0.43311357 -0.74332047 0.3144733 -0.17312041 0.7327994 -0.40608928 0.09314283 -0.30974087 -0.4015457 -1.0611696 -0.11845126 -0.32037458 -0.94225156 0.3769684 -1.0043983 -0.42298007 0.82336086 -0.16675626 0.028697213 0.43718022 0.35773912 0.4472301 0.79606456 0.17608142 0.2986025 0.62273383 0.027574219 0.032814287 0.38833883 -0.13440496 0.06310962 0.60284066 -0.17999187 0.4699322 0.5873912 -0.20459743 0.2972375 0.076305635 0.7288212 -0.14450072 0.9117141 0.26312518 0.3058542 -0.41417712 -0.0096458 0.62987167 0.4791902 0.34286484 -0.38251737 -0.15138878 -0.38383824 0.98866683 0.33083823 0.2538338 0.034829315 0.48033467 0.0059316168 -0.04287035 -0.33529797 0.29743627 -0.82840353 -0.814429 0.05528168 -0.31259316 -0.72594124 -0.46672282 -0.9840134 -1.08611 0.40135333 0.25727445 0.2625309 0.2530365 0.5290106 -0.40285718 1.2605959 0.2903644 -0.09472645 0.16850509 0.26654968 0.5883531 -0.51302224 -0.14688471 -0.70952225 0.56560355 -0.95646477 0.28012353 0.09238601 -0.2781201 -0.45467478 -0.3903296 0.15984133 -0.9370396 -0.6053786 0.7411032 0.5555058 0.540169 0.007131603 0.015485348 0.24097909 0.01536426 -0.21911654 0.35235304 0.18624495 0.35793597 -0.5935082 -0.10302427 -0.0060780738 -0.40855923 -0.317682 -0.18673153 0.22637331 -0.75688493 0.12051299 -1.1368406 -0.16897583 -0.16583803 -0.66821074
4649 0.16470602 -0.24073455 -0.36883903 0.62588114 0.3709598 0.3484442 -0.80379915 0.56099606 -0.13891484 0.02665986 -0.27185667 0.6089237 -0.198142 0.040213898 0.3173857 1.2939651 0.068132214 0.26875472 0.2959711 0.30190155 0.574833 -0.43975043 -0.633012 -0.530369 0.81200683 0.104075566 -0.37525803 0.07855402 -0.022228174 0.5038224 0.19952326 0.73972833 0.6689663 0.23524992 0.18877672 0.11843268 -0.41605064 -0.79962873 0.0067408388 -0.28393254 -0.24083057 0.4094979 0.28702056 -0.40740654 0.40191448 0.060751285 -0.94193304 0.23645844 -0.9737897 0.59903455 0.16969122 0.65696335 0.5230864 -0.30784842 -0.80627143 -0.7010301 0.7087724 0.28002185 0.22248161 -0.16147822 -0.6340005 0.1626647 -0.22150066 0.3064402 -0.26394194 0.62650913 -0.20403649 0.10171557 0.15210426 -0.25198647 -0.09426908 -0.18354401 -0.21783175 -0.060500912 -0.5243634 -1.030714 -0.82809675 0.50016004 -0.77889353 -0.06919305 0.20318688 -0.5863753 0.09350236 0.8630334 0.7681125 0.09585743 0.30376315 0.1979765 0.66992944 -0.14799292 0.02105687 -0.8499625 -0.31878132 -0.22341599 0.13423027 -0.43872485 0.5711136 -0.28180853 -0.3227597 -1.5088489 0.52621657 0.29153332 -0.37231275 0.75840014 0.5203602 -0.39831802 -0.6931562 -0.19555205 0.025845585 0.1663934 0.15454265 -0.3975559 -0.19871908 -0.51977664 0.08089967 -0.8102858 -0.21930602 -0.88627917 -0.32628757 -0.8703606 -0.49552926 -0.7967133 0.09432709 -0.14785868 -0.93351763 0.24462017 -1.2071491 0.32893732
4650 0.4107715 -0.8904666 0.69941103 0.4046388 -0.010626604 0.08560202 -0.16547634 -0.50157386 0.32139343 -0.0015802131 -0.77370024 0.07644663 -1.1274917 -0.06064467 0.32522535 0.7753366 0.15557425 0.47760895 0.106685214 0.16485356 0.22455008 0.64676696 -0.47204632 -0.6450325 -0.8624829 -0.19276808 -0.4023676 0.07748149 0.5967347 0.37948218 -0.3820368 0.62592745 0.17575794 0.728387 0.50993097 0.04204846 0.20446649 0.3966069 -0.32892448 0.58040667 0.11333451 -0.22677076 -0.71461153 1.0607023 0.0026670934 0.12392711 0.15416996 0.19885218 -0.32925764 -0.2026447 -0.14031048 0.44647622 0.63369673 0.2709608 -0.13559362 -0.16644883 -0.108836755 0.4434392 0.23181513 -0.30982384 -0.28955922 -0.6772751 0.15272836 0.0029093719 0.39292312 -0.34072593 -0.5784035 0.29074743 -0.6017409 -0.421508 0.68094105 -0.5011213 -0.46969745 -0.8057307 -0.29482275 0.30443144 -1.0455153 -0.043014538 -0.90933734 -0.24645805 -0.61952704 -0.30663595 0.26936492 0.8248237 0.694274 -0.3062029 0.4168917 -0.33597764 1.1106644 0.883756 -0.36645898 -0.5291948 -0.5118991 -0.3492764 0.5831157 -0.1733445 0.6506808 0.39451018 0.02053717 -0.90071845 1.0618821 0.234889 -0.23054692 -0.406321 0.21814562 0.20342113 0.5267241 -0.10141026 0.4126506 0.31591877 0.21306773 -0.23764397 0.43927372 -0.7309991 -0.3304086 0.49171537 -0.30593914 -0.010574312 0.25465766 -0.06750773 0.60945195 -0.62015074 0.5092082 0.36331388 -1.2435161 0.46216333 -0.56866384 -0.1523707
4653 -0.08709599 -0.25485003 0.10418549 0.35002065 0.62920624 0.4496197 0.6750002 0.40494502 -0.5041277 0.076732434 0.49844408 0.26452038 0.10298338 0.3539105 0.50204253 0.79226315 0.07001862 -0.25716183 0.2576383 0.7957735 -0.060199346 0.45995346 -1.1974013 -0.4884992 0.14169246 0.22579663 -0.2041762 -0.06880714 0.95114446 0.5539922 -0.0739029 0.6588776 0.26090923 0.14249687 0.14749528 0.55804914 0.28116238 -0.028990334 -0.72153044 0.13589571 0.27258733 0.61736864 1.0870935 0.83430016 0.69085914 0.34008253 -0.84115857 -0.18889827 -0.57563454 0.20887323 1.126513 0.30751878 0.4396306 -0.48269188 0.047434002 0.13644953 0.22483708 0.2613869 -0.29336703 0.66009134 -1.5284622 0.73663205 0.06014686 0.030251924 0.21303591 -0.059147984 -0.21270844 -0.54036635 -0.47933322 0.04947522 -0.58399004 -0.16214631 -1.0621895 0.16874035 0.2260065 -0.47446346 -0.94174385 0.41921383 -0.8082342 0.53634024 -0.6157891 0.17794111 -0.31034216 0.8108922 1.3724498 0.12081818 0.5860634 0.3695503 -0.015811889 0.038071025 0.25072 -0.8009963 0.8641269 0.13044423 0.39455375 0.46403116 -0.037271466 -0.18664032 -0.16484694 -0.88370603 -0.36815158 0.16705813 -0.3327989 0.57806057 -0.32609922 0.15065452 -1.1292623 -0.06402464 -0.28397307 -0.4491137 0.3793994 -1.2317547 0.21324034 0.17678706 -0.75337577 -0.5505409 -0.2620542 -0.17988579 -0.09662517 -0.028427148 -0.17820105 -0.86626685 -0.7794895 0.24700214 -0.5236865 -0.24573119 -0.04644531 0.28031832
2743 -0.925886 -0.56682634 0.5915727 0.61595136 -0.47910848 0.59751487 -0.5170224 -0.14187254 -0.36885905 0.68566084 0.396432 0.5297645 -0.057274666 -0.138185 0.27395535 0.579981 0.98403674 0.3186311 0.4886305 -0.29436362 -0.42881912 0.27911964 -0.89165926 0.3212996 -0.023036301 -0.5897756 -0.7036449 0.48156026 -0.029447215 0.00493731 0.043556336 0.8051383 0.34522822 0.4693876 0.43569362 -0.032997515 -0.6234673 -0.500709 -0.43901253 0.6453602 -0.26405776 -0.4414627 0.075307086 0.2660882 0.7138602 0.36126003 0.21564576 0.93458116 0.065901 0.97797287 0.7509868 0.47275278 -0.7114192 0.43991175 -0.45659733 -0.24871293 0.398063 -0.07864345 0.29198235 -0.5251624 -0.6010658 0.256304 0.5202484 -0.03463523 1.1356987 -0.0981144 -0.2864267 0.41839033 0.18557918 0.47739035 0.0028986628 -0.5630019 0.036188778 -0.53769326 0.15139815 -0.23249036 -0.2673335 0.12651563 -0.8288928 0.6448727 -0.2105176 -0.0050305566 0.50296223 0.02981528 0.21406338 -0.026657743 -0.30952233 -0.32397562 0.45109898 -0.50692356 0.25754523 -0.81718427 -0.39886972 -0.5281964 -0.737347 0.70980126 0.08308024 0.34476048 0.5745437 -0.98635215 0.14870425 -0.23638688 -0.71947175 0.98805374 -0.16583852 0.56260544 0.4864403 -0.07332761 -0.26485616 -0.25088054 0.2869346 -0.5641796 0.025884531 0.7735371 -0.5499357 -0.16365002 -0.14968196 -0.60093665 0.61934584 -0.5283006 0.21920733 -0.27362326 -0.5424722 0.8912581 -0.29234925 -0.18920298 -0.35472688 -0.06502406
4335 -0.26852402 -0.82841325 0.41927332 -0.2511831 0.33418474 0.6331062 -0.45520866 0.4799525 -0.7978985 0.3007672 0.096871756 0.46864754 -0.73627484 0.61772484 0.8881392 0.13235465 -0.15358129 0.44100916 -0.2219807 0.5691782 -0.27421886 0.07364301 -0.19601439 -0.27772558 0.1284841 -0.63042617 0.20068946 0.96805376 0.4801207 0.57516825 -0.36420354 0.5718709 -0.4252303 -0.5675042 0.95812297 0.3400272 -0.40650207 -0.46518144 0.6072604 0.21279478 0.46656588 -0.57232606 -0.021424187 0.15964417 0.00019072104 0.1551592 -0.5793627 0.46673992 -0.2812533 0.61928093 0.039699566 0.7707853 -0.22164766 0.11829351 -0.4746834 -0.5559062 0.010438907 -0.046243858 0.76791 0.34347957 -0.64692545 0.2230153 -0.17018855 -0.6777094 0.119837575 0.03720022 -0.73369896 0.6539617 0.40560693 0.46705398 0.11004336 0.3097301 0.4285317 -0.8040387 0.5756205 -0.20602673 -0.8527688 0.7516468 -0.42043096 0.6357151 -0.415199 0.85719985 -0.37678123 0.39099044 0.6166101 0.4547763 -0.042353284 -0.056183014 -0.2759159 0.58570147 0.15996705 -0.3712813 0.46539542 0.45856977 -0.40045536 0.07004346 -0.42537743 -0.0269382 0.08888 -0.64278144 -0.21957222 -0.3424733 -0.62312865 -0.49546993 0.6842695 0.58107525 0.14397277 -0.010325438 0.34665132 0.3762979 -0.8271395 -0.57850623 -0.074979566 0.5322914 0.23164462 0.6880672 0.439329 -0.050963826 0.54155016 0.5307218 0.6398173 0.60824037 -0.7373475 0.35043913 -0.80331403 -0.4150282 -0.985262 -0.13836172
543 -0.1641148 -0.16607724 0.85462606 -0.5276088 0.58927184 -0.0023818114 0.26010424 0.4193907 -0.51180303 -0.16378632 0.46974027 -0.16488014 -0.18765931 -0.0827023 0.7042946 -0.21578792 0.5604617 0.062131915 0.5548519 1.024133 0.20247044 0.3416054 0.06457243 0.3143131 0.29461446 -0.19920371 0.5682279 0.7472984 0.7828532 -0.19861454 -0.10530854 0.48079684 -0.056555018 0.06070834 0.01782727 -0.81144756 -0.3295959 0.14795403 -0.16382162 -0.07940431 0.69061774 -0.12531634 0.08546038 0.46740133 0.39553037 0.8555239 0.034516994 0.54774195 0.5383163 0.5445238 -0.2586503 1.0964767 0.07930498 0.3828322 -0.6542343 0.13107577 0.6712657 0.41016328 0.4769335 -0.69502515 -0.18563886 -0.18928203 0.6023661 -0.66955 1.0645314 -0.52508056 0.29288292 -0.030112155 0.8831708 0.45866096 0.26307628 -0.2983775 -0.045851193 -0.4042555 -0.35351518 0.46615663 -0.451452 -0.17882408 -1.0384389 0.7651303 0.12848367 0.012523219 -0.5565745 0.6419146 0.62107825 0.9258446 -0.5894634 -0.63875586 -0.36699158 -0.07392361 -0.56637657 -0.766785 -0.056657974 0.04780778 -0.93102163 -0.13576601 -0.16121547 0.44658446 0.13796796 -0.59512836 -0.35505763 -0.49183694 -0.45327652 0.43010485 0.6897668 0.1767917 0.646828 -0.69955176 0.10808687 -0.18976903 -0.057579976 -0.57884216 -0.2745768 -0.31588528 -0.19898176 -0.30392838 0.30758953 -0.23950647 0.052231554 -0.096933864 -0.27642983 0.12565467 0.07296377 0.01994048 -1.0973331 -0.21017452 -0.81821525 -0.2307587
11006 -0.08837457 -0.68466824 -0.381246 -0.15509892 0.07324351 0.019334618 0.035592318 -0.36523947 0.045567766 -0.25527245 -0.5525761 0.81907606 -0.3537345 0.16881956 0.27450645 0.6861439 0.22069474 -0.18044546 0.058323525 0.3857019 0.24836047 -0.5007596 -0.5411505 -0.52833366 0.3682942 -0.042313214 -0.8509123 1.0001918 0.2116427 -0.39719704 -0.019494167 0.26983693 0.8833856 0.36966434 0.7754242 -0.43030524 -0.38822573 -0.79483557 -0.44645154 -0.0057024676 -0.55984944 0.20108758 -0.7130005 -0.15719162 0.51856166 -0.5186312 0.33769846 1.0312992 -0.26730618 0.94214946 0.36889094 0.31364074 0.03819106 0.2374412 -0.24906959 -0.57358533 0.7046515 0.33632734 -0.43801457 0.56631 -0.9596584 0.5748112 0.15421617 -0.31962582 -0.27629697 0.34190086 -0.38513273 0.60967803 0.11783044 -0.7493675 0.41953272 -0.22161148 -0.35428002 -0.8242162 -0.9180919 -0.8837543 -0.7517413 -0.030282343 -0.55436987 0.21657673 -0.015835553 -0.42688838 -0.14798118 0.7128626 0.26796088 0.8716987 0.5708198 -0.28193656 0.61333627 0.6125253 0.19478539 -0.36885884 -0.6513531 -0.08217298 0.32987496 0.062470008 0.18291913 0.24162333 -0.4582569 -0.08534693 0.2551247 0.24015686 -0.24965629 0.55599594 0.0665696 -0.008784057 -0.15170026 -0.12680665 -0.17458892 0.4775992 -0.32597676 -0.54923904 -0.4104222 0.38133293 -0.502988 -0.261348 0.5620594 -0.5049111 0.23198585 -0.32797426 -0.57659173 -0.7978038 -0.5479254 -0.79078144 0.19336852 0.27868924 -1.3740051 0.22892262
8788 0.1979211 -0.48515397 0.19344008 0.91280633 -0.15185082 -0.082683615 0.26099902 0.012227403 -0.8028534 0.18114386 0.46616492 0.18481754 -0.62385225 0.5437284 1.3923995 0.16775009 -0.10060645 -0.3953686 -0.70422506 -0.018999012 0.31685892 0.9382835 -0.9702907 -0.115179405 -0.17124367 0.336656 0.10876859 0.9075993 0.46354508 -0.39966938 -0.3308266 0.32137984 -0.23163085 -0.5054802 -0.57390034 -0.14885767 0.4159585 -0.13974115 0.34250575 0.2280296 -0.33611736 0.3855184 0.74147594 0.40154716 0.30507958 0.49815068 -0.90850073 0.916725 -0.11082783 0.6836596 -0.47357675 0.8407479 0.71682614 0.0766985 -0.4948358 0.17158629 0.023324722 -0.21700102 0.043243945 0.6262363 0.2708914 -0.52307034 -0.3468141 0.24582799 0.64054734 -0.4531657 -0.4744979 -0.02827007 -0.44950393 -0.09575663 -0.21008912 -0.33463845 -0.39741993 -0.6347504 0.27025425 -0.7342937 -0.9327776 0.89415383 -0.31012428 1.1907973 -0.60842663 -0.4241327 0.25900286 0.54715735 0.021956803 0.17534581 0.4741025 0.25216627 0.880963 0.37806383 -0.5983577 -0.019072093 0.25321677 0.12534633 0.21508871 0.23789601 0.30389702 -0.3935076 -0.6736171 -0.3014109 -0.8522358 0.06942799 -0.66834015 0.47554696 -0.39527956 -0.05163918 0.29846278 0.012202366 0.01440871 0.08199554 0.51939714 -0.35499772 0.30067334 0.27491713 -0.23497449 -0.40476435 -0.2764966 0.092632845 0.21798353 -1.0044646 -0.21484691 -0.16060123 -0.5255084 0.35290492 -0.45428532 -0.66091245 -0.008556954 -0.45021522
5646 -0.41433945 -1.3214502 -0.041926306 0.30423334 -0.2988195 0.4835568 0.19896582 -0.59784675 -0.7344213 -0.45334536 -0.5528789 -0.040373117 -0.23987961 0.7512392 0.75133836 0.28354174 0.56066996 -0.10107443 -0.5969843 0.3805852 0.020111244 -0.0063956766 -0.34661353 -0.69551194 -0.16860594 0.23079361 -0.09539845 0.24654678 0.123309046 0.5986665 0.036789585 0.21704654 -0.14836992 -0.29377082 -0.15277986 -0.31822577 -0.6339487 -0.028578464 -0.13829291 -0.33523333 -0.31163952 0.1057785 0.40406796 0.20579419 0.9154852 0.5521437 0.3686466 0.43137306 -0.04596109 0.43467137 0.89030355 -0.5033896 0.2415153 0.36608064 0.46136552 -0.30169815 1.1504616 0.5578275 -0.8418654 0.81670177 -0.6105253 0.38642955 -0.4626977 -0.61415464 0.42942992 0.082428046 -0.41771978 0.15148407 -0.63581645 0.27902123 0.7154824 -0.10444776 -0.19441263 -0.4847549 0.048075687 -0.28378937 -1.1279824 0.05605491 -0.7002191 0.46365356 -0.5218483 0.5122241 0.01742832 0.97576326 0.6998053 1.3345065 0.45886582 -0.24226294 0.3301665 0.28024697 -0.19817199 0.0428628 0.5385836 0.5172588 0.32385546 0.29138663 0.2438338 -0.009778943 -0.54385483 -0.8538628 -0.77895534 0.45878923 -0.5282017 0.6819331 -0.30897763 -0.20026368 -0.5805922 0.48678717 0.35697636 -0.0641057 0.048605353 -0.70740885 -0.46186224 0.51912445 -0.8298281 0.2617666 0.31832182 0.4655091 -0.17804316 0.42979553 0.03191236 0.13536467 -0.70203656 -0.18741055 -0.10898396 0.34135392 -0.068982705 -0.055610057
330 -0.1032442 -0.8163051 0.6859197 -0.27922294 0.36712906 0.8144333 -0.30347815 0.3306209 -0.5204476 0.7179141 -0.12804091 -0.1370104 -0.94978434 -0.60245097 -0.12902741 0.21925317 0.22052205 0.9635037 -0.3030012 1.0511131 -0.55320525 0.37501684 0.21142519 -0.26281074 -0.90053016 -1.0146667 0.21673243 0.17967826 -0.5083892 -0.13980606 0.04402418 0.4478267 0.23287702 0.10454632 -0.5298221 0.26728547 0.15836884 -0.6070121 -0.13318513 0.14637448 0.05475273 -0.1656193 -0.6510306 0.2834791 0.40652615 0.7020595 0.4802342 0.28831837 0.08611533 -0.11103573 0.43634304 0.12533756 -0.26337582 0.16982366 -0.7679642 0.0135044195 0.75671667 0.019128587 0.79758334 -0.22341397 -0.09787029 -0.46825868 0.4314398 0.42027664 0.9185438 0.529638 -0.38619718 0.15428698 0.40872896 0.094626494 0.5655674 -0.330661 0.23125051 -0.7461034 0.7651345 -0.5015593 -0.86213154 -0.16329055 -1.1300173 0.6261255 -0.110339336 -0.27369377 0.34083214 0.48144105 0.13074468 0.9502611 -0.47908443 -0.45722085 0.73505574 -0.09149176 -0.35563838 -0.057734266 -0.06349117 -0.06222283 0.024285134 0.5111345 0.34140918 0.059767697 0.52673084 -0.99216384 0.8428488 -0.41164333 -0.66653234 0.18653734 -0.5272749 0.28474984 0.22675519 -0.20842434 -0.36893958 -0.5396634 -0.5389554 -0.42881164 0.66564286 0.1663329 0.40971184 -0.26645046 0.7332225 0.27620095 0.68094236 0.05325389 0.09404204 0.534017 -0.31901512 0.8443616 -0.81362146 0.5711224 0.07193632 -0.103533514
8613 0.09364696 -0.5860236 0.42611107 0.78339416 -0.087434314 0.790925 -0.7099829 0.7921324 -0.35288954 -0.0015592414 0.07166693 0.9426182 -0.76730853 0.45345587 0.80234987 0.30715987 0.062352076 0.3278557 0.69571835 -0.15184563 -0.32569835 0.9488304 -0.62122214 -0.7458644 -0.25201216 -0.70448226 -0.018127456 0.3815539 -0.12566608 -0.24265626 0.54962814 0.17807212 -0.24642773 0.23769082 0.96611565 -0.33750165 0.45906377 -0.47401273 -0.1823864 -0.1914433 -0.44290265 0.374957 0.6285109 -0.45065817 0.5568373 0.07193133 -0.41426274 0.83645123 0.19385025 0.33650112 0.067165956 0.2333672 -0.7556745 0.0332426 0.59407705 -0.1064288 0.8604571 -0.18672909 -0.03676542 -0.44358885 0.26283145 0.10455502 0.3082955 -0.028843174 0.43750653 0.24238002 0.40373793 0.8799771 0.5329255 0.06612584 0.116982326 -0.22518025 -1.0834633 -0.6074269 -0.26782072 -0.06811389 -0.24235688 -0.23238614 -0.024979163 0.062000044 -0.090554245 0.5641517 0.35686916 0.8357128 -0.25299084 0.8473923 0.69320923 0.6038945 -0.101672396 0.2433174 0.78519106 -0.7093287 0.14730743 0.07071717 -0.22528058 0.16616845 0.40393722 -0.88387567 0.19699635 -0.55361646 -0.45053965 0.88789785 -0.8914201 0.6438986 0.64479953 0.70578456 0.6644198 -0.4689929 0.6095186 -0.60043573 -0.2503578 -0.10954782 -0.57432187 0.46903402 -0.35961214 -0.5571732 0.6526297 0.053834092 0.11238351 0.015406054 -0.31575063 0.23965843 -0.7518417 0.16990364 -0.7981877 0.52539724 -0.73408526 0.036989484
11265 -0.37532374 -1.0428983 0.64827585 -0.37496078 -0.0071963733 0.5892283 -0.565619 -0.12977216 -0.08468336 0.14502819 0.40163177 -0.04829396 -1.0707672 0.4922666 -0.001214567 0.06375281 -0.6144104 -0.0772968 0.19443095 0.60591847 0.29629338 -0.40091243 -0.86920947 0.03514811 -0.12617391 -0.9574271 0.24796394 0.2744391 -0.034918267 -0.56812334 0.73907304 0.35524395 -0.05416606 0.2549316 -0.05128703 -0.6201267 0.28588673 -0.75276566 -0.53007317 0.749733 -0.4892897 -0.04853551 -0.19260941 0.55452055 0.18997227 0.47462684 0.23597816 0.4433128 -0.13288005 0.57333857 -0.45335397 1.3499466 0.1896647 -0.02371219 -0.8098304 0.29683593 0.25074837 -0.031227212 0.1646621 0.017479317 0.036532063 0.11489676 0.7034351 0.71930367 -0.21337782 0.31989878 -0.08408515 1.2143146 0.7769746 -0.1833024 0.66892385 -0.0063337446 0.30016166 0.02053989 -0.6204888 -0.674935 -0.53686357 -1.1017497 -0.69628197 0.19133939 0.24056965 0.23396151 -0.14928584 -0.027396262 -0.579662 0.80172193 0.5160361 -0.4595256 0.18141043 -0.652748 0.37390214 -0.4891832 -0.45182908 0.030415714 -0.08110288 0.683204 0.24632148 -0.030956782 0.04048649 -1.0839814 0.24433209 -0.3253149 0.06416436 0.15484187 0.6248265 0.72030467 0.5358241 -0.7341156 0.51469713 0.36627096 -0.32093707 -0.15890592 0.010311256 0.76485234 0.47734448 -0.34951797 0.7135486 0.2192926 -0.4032552 0.2104703 1.1401062 0.09379291 -0.0040470907 -0.4383236 -0.8716313 0.32119286 0.50635445 -0.60012144
8319 0.27702895 -0.35330033 -0.51215607 0.50959605 0.68538254 0.23707633 0.038179412 -0.48085266 -0.9476162 -0.23520677 0.24949956 0.2625851 -0.74336743 -0.10244037 0.890909 0.84542423 -0.62137306 -0.27912384 0.23409912 0.17254803 0.40074566 0.6901235 -0.29652405 -0.19490615 -0.39286846 -0.010823784 -0.45950034 0.4200169 0.6742281 -0.16844797 0.21676897 -0.12715347 0.1296682 -0.116749264 -0.3750498 0.475913 -0.6744178 -0.5108742 -1.0197736 -0.43719816 -0.6113133 0.5096217 0.56427383 -0.19009027 0.31136587 -0.26985642 -0.6052919 0.18192688 -0.07320202 0.063391805 0.85525537 0.7443049 0.057186726 -0.041850466 -0.11053429 -0.048502635 0.42178872 0.6671668 -0.3227637 0.1358556 -0.8052177 0.18947417 -0.32730547 -0.9935379 -0.42661938 0.17100802 0.14086175 -0.12586972 0.11574732 0.2234931 0.28538623 0.28721514 -1.0066185 -0.7431305 -0.20607042 -0.9829038 -0.5893458 0.9964926 -0.11961712 1.27626 -0.14731352 -0.0002454024 0.41694528 0.7867006 1.0987444 -0.15383935 0.09334098 -0.2674109 0.2397814 0.51890445 -0.5070868 -0.88356775 0.64568 0.43999705 0.828412 0.06722396 0.83618736 0.08566065 -0.8437718 -0.8117924 -0.44370842 -0.1599248 -0.4551802 0.7346092 -0.3750075 0.009898137 -0.43156967 0.8026323 -0.26665765 -0.18510157 0.026199277 -0.6095936 -0.048189785 -0.31312975 -0.22672874 -0.71207476 0.96654165 -0.49545732 -0.26919025 -0.091493964 -0.81180525 -0.67912596 -0.95249313 -0.5544477 -0.209385 -0.39902535 -0.79340905 -0.35555333
4094 -0.44204918 -0.9258142 0.3477618 0.4264954 -0.3250337 0.26737908 -0.20304719 0.096052624 -0.20844398 0.30786845 0.70660126 0.036865596 -0.6542405 0.36150432 0.36781266 0.7020553 0.30563375 -0.4874392 0.586713 -0.022941612 -0.3060695 0.7778963 -0.6541209 -0.7321821 -0.46393985 0.26801574 -0.24946065 0.2605577 0.3674205 0.2606771 -0.19302878 0.02977221 -0.11898202 0.7657722 0.2683001 0.011774257 0.52734226 0.14287157 -0.025918216 0.27065074 -0.2451339 0.31627673 0.6722959 0.14484514 0.6818348 -0.03802739 -0.9362448 -0.06868292 -0.046644796 -0.2635974 0.94011027 0.058894064 0.28890684 0.32861716 -0.15303011 0.24256846 0.46788326 -0.18908194 0.4584107 0.55042106 -0.3242595 0.71614885 0.4096508 -0.5535613 0.108137526 -0.16651678 -0.7037155 -0.063390814 0.46780318 -0.21174647 0.21962242 0.113984086 -0.33951968 -0.1885713 0.40453848 -0.60762167 -0.56917477 0.6265799 -1.2375411 -0.080001764 -0.72060126 -0.49983206 0.37415224 0.78469896 1.1102357 0.10927718 0.13969786 0.2891552 -0.74759847 -0.69077927 0.19502346 -0.88997066 0.18980224 -0.5359022 0.5380311 -0.26245803 0.63549006 -0.12699486 -0.30771783 -1.2652712 -0.10840999 -0.39425847 0.16272606 1.0251582 0.33511558 -0.38042575 -0.59582186 -0.11984932 0.11509198 -0.54634005 0.4271158 -0.30256173 -0.020499483 0.19396815 -0.2300187 -0.30603 0.7057137 -0.16805796 -0.2810619 -0.29285845 -0.56007856 0.13849871 -1.0302032 0.42336637 -0.91444665 -0.17429739 -0.057643868 -0.6666377
3453 -0.5170508 -1.2926621 0.45358476 -0.18715653 0.2350488 -0.11795005 0.09067244 -0.090613246 0.085308924 0.3648282 0.4009958 0.3129928 -0.38633406 0.27637804 0.18826361 0.4106523 -0.53487444 -0.46140718 0.8296064 0.118226014 0.77283347 -0.206093 -1.3775586 -0.85957277 -0.7196603 0.06459378 -0.14037828 0.3497069 -0.25979787 -0.5657118 0.0703213 -0.22708714 0.07391782 -0.21711245 0.66739464 -0.562063 -0.31637964 -0.7144972 0.0025953993 0.85280585 -0.6184876 0.09009267 0.024164554 0.6341956 -0.22826913 0.08663451 0.21341336 0.89916605 0.3505659 1.2624913 -0.6333431 0.939145 0.39712113 0.47471923 -0.28159586 0.037406866 -0.2973684 0.93237376 -0.113663316 0.123718105 0.15069975 -0.20748746 0.22674634 0.019743597 0.07938264 0.281106 -0.43119964 0.61443424 0.022518579 0.29145512 0.4449996 -0.6292141 -0.11350318 -0.35846025 0.27398768 -0.7104799 -1.2303956 -0.85688645 -0.4118121 0.19432141 0.11205908 -0.066073745 0.367727 0.21511714 -0.031405095 0.9374686 0.30798316 -0.32621825 0.04077276 -0.04746798 0.5094704 -0.07555088 0.36469394 -0.11221162 0.5499599 0.54918474 0.8065838 0.69060576 -0.073276855 -0.91753536 0.9495569 -0.3869808 -0.75296974 0.0049445983 0.23314765 0.20270999 0.18166113 0.0956248 0.72258043 0.29832068 0.5860063 -0.082978964 -0.15278834 -0.46278653 -0.28613597 -0.58193 0.38210157 -0.28419465 -0.5428873 0.15045427 0.092801966 0.30044168 0.23398751 -0.6072875 -0.43586203 0.7065701 0.71428746 -0.32048762
5029 -0.49988127 -0.20078619 0.7922494 -0.5129229 0.36699474 0.97280246 -0.38051462 0.4992129 -0.85169065 0.8923586 0.09740916 -0.5031004 -0.5607667 0.48265263 -0.21515667 -0.4433006 -0.26906383 0.3755165 -0.20707554 0.5582477 0.4945342 0.010907278 -1.1040066 -0.18220672 -0.967036 -1.1125445 0.08194607 0.59997565 -0.16820887 -0.06332647 -0.04593506 0.631811 0.13705985 -0.43575424 0.5393144 -0.89205384 -0.4433165 -0.5868515 -0.57958215 -0.22069709 0.6648619 0.08309502 -1.0047342 0.4066017 -0.81885535 0.33339062 0.0359151 -0.1694351 -0.2602957 -0.018247947 0.5865385 1.4464581 -0.1396602 0.83126646 -0.3937567 -0.30619058 0.30087966 0.50337255 0.14807178 0.77004355 -0.51752996 -0.50870407 1.1863393 0.19439487 -0.4072788 -0.17874268 -0.53622293 0.63090086 0.035021253 0.71553147 -0.30118948 0.26963928 0.12669842 0.26286116 -0.012306705 -0.54969853 -1.1371971 -1.2076782 -1.029597 0.48917076 0.1767007 -0.11411391 0.83080024 0.29283315 0.90364885 0.71646696 -0.19237079 0.10696081 -0.4207301 -0.25370395 -0.542195 -0.1067868 -0.13842528 0.532273 -0.521941 -0.036205027 0.23441577 0.5924584 -0.54982245 -0.65180945 0.07333687 0.122664 -0.83543074 0.38203955 0.5228123 0.40242368 0.76168394 -0.14903921 0.33709335 -0.12196114 -0.07501785 -0.048434567 -0.27044332 0.38161388 -0.0013308156 0.11859228 0.94224924 -0.08384412 0.26186764 0.52249455 0.3245638 -0.15630403 0.79611194 0.36305314 0.047755715 -0.47451428 0.041813143 -0.2511206
1238 -0.7621498 -1.1058979 0.11862586 0.5534705 0.36904013 0.78473604 -0.61081916 -0.1394587 -0.85673577 0.6570499 -0.41995856 -0.13510582 -0.54229206 0.48988223 0.20161548 0.8157425 -0.23164019 -0.011709411 -0.10424122 0.72128576 -0.20596766 -0.24309227 -1.562537 -0.8656206 -0.43602848 -0.57368654 0.1341867 0.36383724 -0.3306411 -0.4830683 0.8435775 0.58637387 0.5340383 -0.059359502 0.13565561 0.39201927 -0.8703201 -0.4533049 -0.9911677 -0.12716626 -0.2706278 0.0933212 -0.26093552 0.34475708 -0.09956254 0.3139468 -0.02682261 0.46407077 -0.118319005 0.16086334 0.046555344 1.1340396 0.7660912 0.6492182 -0.2099732 -0.0014751318 0.1507036 0.5088158 0.4083376 0.69328123 -0.11426124 0.04149822 0.568675 -0.1914372 -0.14732024 0.9429367 0.1311172 0.16542467 0.24160507 0.6404593 -0.102277875 0.018360298 0.1903001 -0.16632643 0.6079748 -0.42757782 -1.3968806 -0.49882787 -0.095301904 0.35925877 -0.6564696 -0.2786935 0.2932938 0.71311957 0.6950593 0.4143769 -0.1277044 0.29818952 0.026763031 -0.6301662 0.48637837 -0.20963545 0.58139503 0.5079617 -0.42787224 0.7513679 0.30301908 0.9706071 -0.44732186 -0.36101672 -0.31666332 -0.09450037 -0.29216573 0.4941255 -0.064897716 0.7003642 0.26327956 -0.0028615778 0.21464127 0.027241087 -0.2820917 -0.32086807 0.3515384 -0.35386956 -0.08531236 -0.8506529 0.47220224 -0.22245666 -0.5236067 -0.29543382 0.21024166 -0.35820398 0.20582159 0.220843 -0.7674802 0.060303252 0.45216364 -0.17062266
8777 0.47136796 -1.1286821 0.63480943 0.4791107 0.33589998 0.19713244 -0.4189724 -0.39436737 -0.03864184 0.39026412 0.22939564 0.28501502 -0.43035454 -0.46582317 0.07297126 0.19309036 0.3355349 0.3680607 0.1674739 0.32503742 -0.3736824 0.54251105 -0.540872 -0.52699834 0.15697637 -0.4055461 0.26353282 -0.15111026 -0.46515137 0.6275798 -0.6837426 0.80935836 0.25978538 1.0029801 0.015022087 -0.2628461 0.3815835 -0.0006775165 0.37120655 0.28152445 -0.07008866 0.10302304 -0.5323222 0.7711883 0.3601239 0.3224696 -0.33162042 0.58686763 -0.68267524 0.6712656 0.23666272 0.15770632 0.20608208 -0.2753217 -0.68137014 0.70469385 0.4889678 0.23438829 0.21876298 -0.12362005 -0.005245305 0.1196582 0.15202312 -0.53008914 0.45991728 0.009349427 -0.56404305 0.9997431 -0.57983774 -0.49599707 0.40582436 -0.7317921 -0.8089423 -0.37594724 -0.40977094 0.1101185 -1.0933615 -0.59830076 -0.56278986 -0.5917178 0.51493496 0.025921198 -0.2004177 0.5929787 -0.1637582 1.0871947 0.8691998 -0.7111231 -0.24698566 -0.19622566 0.009766069 -0.50852114 0.1363274 -0.507978 0.07006348 0.032065757 -0.1686032 -0.41667747 0.30864054 -1.1072773 0.4218979 -0.27688238 0.31112373 0.709591 0.24172404 0.015717 0.14997888 -0.7052911 0.051147487 -0.15616621 -0.29386118 -0.3949744 0.4229757 -0.40290585 -0.46576506 -0.39554217 -0.27911896 0.15953073 -0.84517604 -0.21813433 0.2905797 -0.52399176 0.3373494 0.96264035 -0.8429264 0.7823388 0.41644824 0.07089134
5187 -0.798106 -0.26325214 0.6226974 -0.2437632 0.15034054 0.7845063 -0.63453966 0.07109499 0.2755366 -0.21731141 -0.026139446 0.15823789 -1.0976388 -0.0039080456 -0.24583557 -0.2539543 -0.2362586 0.20802182 -0.20884708 0.101094 -0.62872165 0.26585814 0.40473107 -0.03803125 -0.78123057 -1.2238333 0.36201814 -0.07238321 0.30847263 -0.63752645 -0.058936413 0.3427192 -0.60202104 0.5248659 0.37189668 0.05729396 -0.029134842 0.29747814 0.41149506 0.7566307 0.23672618 0.082147874 -0.051604558 0.14017224 0.19908722 1.188387 0.70690954 0.47561663 -0.097525515 0.6699901 -0.51842767 0.7057077 -1.0104148 0.57077795 -0.9051988 0.40188178 0.7248382 -0.23851286 0.15180252 -1.0055622 0.47555643 -0.81440365 0.9308968 0.10364494 1.1969372 -0.043936204 -0.020389652 0.5583901 0.41751212 -0.38775003 0.8934416 -0.37191027 -0.49921793 -0.5387014 -0.33563447 -0.06463314 -1.0698955 -0.75874263 -0.9153411 0.32919145 0.58275115 0.5410153 0.38374647 0.13052137 -0.5071992 1.2815427 -0.28998291 0.16106217 -0.09855287 0.120839596 0.3016268 -0.7463397 -0.49835697 -0.43658504 0.018025275 -0.49383363 -0.021304058 0.10805648 0.068942055 -0.88490176 0.18364233 0.4650044 -0.6631654 -0.343669 0.81099534 0.025355319 0.92111963 -0.47788364 0.09542669 -0.28601807 -0.21412751 -0.2695125 0.56990874 0.21316679 0.395654 -0.47208175 0.43759698 -0.33597574 0.3565824 -0.06880455 0.3085735 -0.2668807 -0.20790543 1.1692245 -0.69739723 0.49190274 -0.65576446 -0.27864397
7940 0.06660102 -1.3607434 0.841542 0.12447703 -0.07586853 -0.081643246 -0.9018413 -0.5008816 0.41384798 0.36226106 -0.82330275 -0.37328592 -0.5849834 -0.5519524 0.3560984 0.4482252 -1.2814164 1.1756858 0.8024671 0.47743335 0.43491647 0.19536339 -0.20917258 0.2233579 0.09637144 -1.1916183 0.014839681 0.3068085 0.26502356 0.07577324 -0.15470843 1.0639304 -0.21261622 0.05631396 0.44161794 -0.41289958 0.45825404 0.06071193 0.64877903 0.45033407 0.42184564 0.22200455 -0.4599154 0.5932803 -0.514028 1.2137424 0.4150854 0.404377 0.4135604 0.78075224 -0.04428449 0.33224395 -0.5259501 0.120644175 -0.48218614 0.12521029 -0.088295236 0.51654476 0.30458602 0.18227944 0.102255106 -0.54791415 0.22355312 0.3091558 0.0851729 0.66037285 0.12850568 0.5731049 0.49085 0.096144125 -0.12834217 -0.7660691 -0.13385272 -0.84982944 0.3138387 0.47428128 -1.0095657 -0.7059145 -1.0154234 -0.10730176 0.63606757 0.23303604 -0.26617157 0.35191947 -0.29453325 0.9549129 0.47633567 -0.007986247 -0.2795078 0.51235574 -0.626741 -0.7084301 0.35548428 -0.9516536 -0.094574906 -0.2920654 0.16127257 0.3493787 -0.32292736 -0.5238085 0.99304724 0.73947304 0.44851863 0.1587429 0.44225165 0.42717966 0.61440074 -0.021591704 0.35932168 0.10534559 -0.19583283 -0.80053145 0.57042474 -0.30102596 -0.15240774 -0.13366881 -0.12640186 -0.33374852 0.022333637 0.05066739 -0.09473176 0.24034308 0.36218995 0.7272709 -0.48645705 0.7787601 -0.7896874 -0.6628709
8872 0.008587416 -0.8206719 0.11847602 0.102967426 0.6968665 -0.55200434 0.04292915 -0.21984732 -0.93657875 -0.19879203 -0.12880392 0.57522804 -0.7182569 -0.5622814 0.75382704 0.30184773 -0.28980383 -0.015819788 0.62381196 0.3062949 0.6564481 0.7053999 -0.7404789 -0.028695285 0.29992098 -0.29426524 -0.103793226 0.80461776 1.3888166 -0.69974715 0.4387778 0.1706941 0.020550752 0.1836115 0.43238807 0.16012874 -0.5406289 -0.12378033 0.30264223 0.7240253 -0.16381249 -0.21876617 0.6475721 0.019488579 -0.044533845 -0.61320305 -0.52623963 0.78736347 0.28942308 -0.005035748 1.0771579 0.23466168 -0.31665537 -0.087357685 -0.222768 -0.13274111 0.3408303 0.27551302 0.071816355 -0.55522275 -0.87932706 -0.14755258 0.7024289 -0.40878132 0.48669696 0.21925016 0.36766168 0.28675926 0.62714237 0.14965811 -0.13208239 0.28608623 -0.64394325 -0.98743796 -0.6388291 -0.48424911 -0.6337699 0.5434822 -0.43002182 0.52526015 0.12058818 0.13829303 0.45287722 0.99668527 0.68258315 -0.37789947 0.34166422 -0.5783517 0.11973411 1.0370708 0.11571394 -0.96430457 0.15957083 -0.39881903 0.33020997 -0.11012277 0.5664323 1.1806512 -0.080896035 -1.1297746 0.78792775 -0.59568465 -0.5944337 0.14179891 -0.26353282 0.46636117 -0.23158236 0.17729312 -0.5834912 0.23909912 0.14033589 0.13605893 0.01279661 -0.014795741 -0.25267547 -0.73917925 0.8444446 -0.9123611 0.13000533 -0.034109097 -0.59018546 -0.42977273 0.22975798 -0.40658632 -0.043758936 -0.39391968 -0.6099303 -0.7642649
9372 -0.99157166 -1.1168151 0.08488469 0.1463418 0.043700244 0.5262342 -1.08094 0.071765915 0.039567173 0.62208116 0.03251691 0.8231944 -0.1883473 -0.51568973 1.0627999 0.0968916 0.42480594 0.5892849 0.5442505 0.17035967 -0.38779417 1.174406 -0.3762894 0.060003873 0.11907275 -0.784542 0.76372254 -0.019967094 0.39623782 -0.6675352 -0.2386125 0.18724988 0.2092135 0.43649074 0.04705275 0.4264535 0.67971385 0.1654728 0.69871545 -0.1520612 0.07534605 -0.65238357 -0.1762602 0.33677694 0.10533422 0.6775172 0.24787308 0.8264352 0.4721103 0.62049305 -0.00859446 0.93758756 -0.062228736 0.78782755 -0.050131988 0.00932795 0.27653626 0.094325796 0.56119597 -0.04229175 0.0525903 -0.2396424 0.49215764 -0.6266872 1.2598146 0.43011066 0.20651822 0.92707556 -0.1968352 -0.5720955 0.88586414 -0.5565692 -0.094070956 -0.7678285 -0.15210316 0.47971842 -1.1413586 -0.50567734 -0.77737176 0.46399948 0.13219033 0.35055304 -0.4792889 0.8927523 -0.38661915 0.92080915 0.29008466 -0.5901803 -0.22451384 -0.19317281 -0.392198 -0.41664153 0.5513857 -0.74261373 0.29429916 0.24546833 0.028412752 0.25477767 0.16293436 -1.0668578 -0.014103286 -0.098757304 0.29326943 -0.0016037223 -0.05986516 0.3668383 0.5583426 -0.034953486 0.22389829 -0.05064683 -0.3372275 -0.072314724 0.1414955 0.6326776 -0.79922116 -0.040330984 -0.7803943 -0.22888692 -0.24252482 0.2743346 -0.3980682 -0.29534942 0.41630366 0.0848992 -0.8997129 -0.10636276 -0.025246812 -0.091980204
8465 0.22821262 -0.9623372 -0.024925334 0.604223 0.14984219 0.7322532 0.47755462 -0.5758478 -0.56475884 -0.40528765 0.2622784 0.2422022 -0.25130725 0.6086848 0.369675 0.050114755 -0.34356377 -0.24315485 -1.028122 0.5479252 0.87534857 -0.22236711 -0.30499488 0.12828332 -0.14574829 0.20103535 -0.4027647 0.5775954 0.23144375 -0.3171542 0.42831975 0.75226486 -0.009236018 -0.21956733 0.2505053 -0.6567865 0.10499949 -0.6368768 0.033652842 -0.54836285 -0.6338712 0.11393968 -0.45171815 0.31876543 0.07818594 0.68044066 0.308835 0.8002861 -0.7551676 1.3131989 0.055560943 0.75804216 0.36705524 0.2705061 -0.42506945 0.20453149 0.041183043 -0.06314407 -0.74137914 0.49753037 -0.9686645 0.051476773 -0.3454881 0.6060423 0.0033543597 0.115633756 -0.18570264 0.23326723 -0.0026586966 -0.063464984 -0.06744995 0.17977636 -0.0035320139 0.15305291 -0.2691218 -1.2330909 -0.26414227 -0.28916398 -0.08561893 0.60320514 0.45323843 0.032368414 -0.33355948 0.76289016 0.8583259 1.0206916 0.27247825 0.39106953 0.50415987 -0.059423137 0.44050804 -0.50659657 -0.051697124 -0.5859888 0.73065054 0.358955 0.75206953 0.21808036 -0.2692739 0.007490637 -0.51066995 0.411541 -0.8104115 -0.15279013 0.014093283 -1.0669583 -0.7950145 0.33612823 0.23209667 -0.077808924 0.40396234 -0.6305894 -0.31597626 -0.041222993 -0.021393886 0.66446126 0.24854788 -0.2542783 -0.28867808 -0.59922653 0.67620176 -0.37258902 -0.5097253 0.34842065 -0.54853857 0.03695361 -0.66242945 -0.06738379
11877 -0.23591457 -1.2129972 1.0579358 -0.36280525 0.46608806 0.9421051 -0.77532923 0.36663884 0.24609011 -0.119100176 -0.7749712 0.15512688 -0.8062327 -0.30394053 0.53501666 0.35872698 -0.21661854 0.07469151 0.21492521 0.83292073 0.04959514 0.29719085 -0.39710945 -0.22415036 -0.56208384 -0.47830322 0.33192274 -0.18636225 0.64381325 -0.25400433 -0.47375724 0.3325428 -0.4536258 -0.06730093 -0.0071984413 -0.31944537 -0.59281737 -0.07598301 0.35204333 -0.10452485 0.0665704 -0.3332396 -0.7090466 0.5935857 0.19570217 0.8616102 0.35388604 0.143985 -0.018444505 -0.026429249 -0.3410664 0.9165391 -0.45446146 0.5741143 -0.35490957 -0.29188266 0.50848305 0.17462721 0.8869871 -0.8435276 0.14118847 -0.76608825 -0.021718161 0.26809162 0.538425 0.027281644 -0.20601326 1.3118136 -0.0005285186 -0.39456397 0.48933774 -0.45409146 -0.39363778 -0.98746353 0.081133865 0.7275659 -1.5067239 -0.840045 -0.99165416 0.043162372 0.19359502 0.32856992 0.60752213 0.5742396 -0.20889999 0.029532515 -0.2791482 -0.24506283 0.6659126 0.10876005 -0.672693 -0.94989544 -0.32489577 -0.46787658 -0.42853436 -0.27118272 0.28028938 1.0419501 -0.07498896 -1.0637894 1.1085589 0.2517924 -0.22673061 -0.48037636 0.3095589 0.96663034 0.63409233 -0.30761555 0.7767496 0.16084239 -0.41136298 -0.09282853 0.6274157 0.14210506 -0.05551305 0.7027198 -0.5057925 -0.39784673 0.9106193 0.2036312 0.3470306 0.04656367 0.72498274 1.0606298 -1.3875251 0.15953065 -0.18724313 -0.8145866
7682 -0.02933344 -1.0146885 -0.013178077 1.4338562 0.293755 -0.43349326 -0.029925343 0.17619333 -0.1680714 -0.7767345 -0.07611242 0.3815691 0.14474547 0.39913112 1.4038366 0.7021667 0.12432803 0.1297713 0.031100128 0.24305452 0.7702036 0.75823367 -0.84337366 0.06080334 0.31176236 -0.09307112 0.39445424 0.71197975 0.62487566 -0.13273476 0.2987123 0.6826065 0.06951537 0.40068302 0.58530635 0.6188376 0.106945224 -0.75144106 -0.4867045 -0.24721394 -0.60359657 0.27164173 0.24300352 0.4522505 0.41194296 -0.5214029 -0.32233912 -0.20005427 -0.14274135 0.49020618 0.8699192 0.0735243 0.42702645 0.03397121 -0.55795807 -0.5783093 0.32985252 0.00174165 -0.05423979 0.22998957 -0.17702182 0.21986793 0.5477655 -0.5470026 -0.36168194 0.16686454 -0.43192646 -0.25783044 -0.27222952 0.5495363 -0.798503 0.22160603 -0.5917554 0.048304196 0.28113657 -0.70628047 -0.51095027 0.5971705 -0.5915902 0.27924037 0.040140163 -0.78943646 0.09629969 0.8100895 1.1831776 -0.04188471 0.87557805 -0.6500832 0.51973677 0.8895996 -0.08092452 -0.6572479 0.20021309 -0.80436736 0.366293 0.3302104 -0.13082524 0.28642088 -0.42490834 -0.17827621 -0.1426409 0.018405287 -0.5694761 -0.3275392 -0.55307996 -0.25455475 -1.0312426 0.7428667 0.056085374 -0.11980317 0.71201223 -0.99732476 -0.035041727 -0.21198153 -0.21675614 -0.15016466 0.41775253 -0.16971456 -0.8827775 -0.7006808 -0.34631297 0.17507236 -0.56351113 -0.5526005 0.21669473 -0.4317002 -0.61658704 0.20131473
8163 -0.086481355 -1.0216118 0.25583088 0.028115079 0.45534986 -0.42948467 0.8040366 -0.604081 -0.1019448 0.74190134 0.37141508 -0.36759105 -0.5615777 -0.17514272 1.1026646 0.04079644 -0.123614036 -0.21128497 0.3252094 0.20396003 0.41191533 0.3016033 -1.1419992 0.6748356 -0.41015992 0.5708505 0.27744016 0.8012313 0.45164973 0.19609103 -0.5198067 0.7470288 0.7282219 0.1742418 0.013093157 0.12814985 0.32526746 -0.54415935 0.20020212 -0.13606755 -0.047098722 0.6106419 -0.5859048 0.25446656 -0.5380817 -0.017113859 -0.39050654 0.5557662 -0.24765112 0.052169662 0.45528942 -0.11008974 0.3943353 -0.041270074 -0.22644293 -0.70592135 -0.2413027 0.9875476 -0.63888484 0.3340958 -0.62044585 -0.3502157 0.5311839 -0.7122716 -0.4140298 -0.21362637 -0.6091113 -0.18050483 -0.60010463 0.04834527 -0.042090934 -0.51848334 -0.61489433 -0.23608702 -0.7758332 -0.67414355 -0.81541973 -0.57068455 -0.80213004 0.090857975 0.41181603 -0.5867083 0.03429924 0.74963766 0.9409501 -0.38832042 0.7196931 -0.67743856 0.15065382 0.45824283 -0.05426025 0.2508132 0.06277874 0.02607007 0.78107184 -0.61745614 -0.17116657 -0.4134703 -0.20458655 -0.6823736 -0.19206746 -0.27078897 -0.47849834 0.26320088 0.32056847 -0.10692888 -0.31808555 0.8105885 0.7116268 -0.47651705 0.005703495 -0.23496902 -0.11103401 -0.5353906 -0.7473107 -0.69055206 0.2578211 0.6433575 -0.8770496 -0.13026692 -0.39481005 -0.27008808 -0.35737112 0.4248264 -0.5229975 -0.1428487 0.149397 0.26400617
11528 0.56895226 -0.8488935 -0.1770243 0.7717432 0.13428484 0.22839956 0.020099884 -0.45283842 -0.5374787 0.20306762 0.8471051 0.083926 -0.3857665 0.64999473 0.39797184 0.7812168 -0.42096233 0.35196579 -0.009280139 -0.16274603 0.67220414 0.339844 -0.7044234 -0.3226278 -0.03171773 0.16566047 -0.41383943 0.5949244 0.15760571 0.9082395 -0.24615914 0.39213923 0.42037746 -0.07204963 0.20687647 0.12953314 0.014402342 0.32233053 0.18717623 0.43953046 0.06760345 0.7691796 0.43471342 0.11698634 0.004222412 -0.4211123 -0.58637226 0.87092936 -0.8619303 0.6398811 0.25150135 -0.7129633 1.0402706 0.17212082 -0.118355334 0.44244534 -0.26236147 0.01952941 -0.294545 1.0540541 -0.779691 0.41243607 0.11157501 -0.3135764 -0.8255618 -0.39756307 0.046223603 -0.004543882 -0.1353355 0.8897064 0.41708907 -0.72732735 -0.19952905 -0.21846168 0.10127771 -0.8486225 -0.7720437 0.33646947 -1.019852 -0.33817437 -0.009464231 -0.8047223 -0.42105067 1.1843114 0.60841566 0.356653 0.71083957 -0.640673 -0.07705968 0.5721385 0.48294896 0.07806702 0.3476312 0.5500804 1.1701059 0.1903969 0.21631926 -0.25025746 -0.44582188 -0.9029899 0.06962752 -0.35133544 -0.46289036 -0.022483727 0.65541965 -0.3652263 -0.23167367 -0.07596328 -0.27916238 0.07067305 0.64455646 -1.0837367 -0.15847775 -0.37746575 0.0084265955 0.22133063 -0.110021085 -0.16684599 -0.52603596 -0.3005636 0.2998179 -0.49761567 -0.74277157 0.029438408 -0.16239075 0.32733765 -0.51145303 -0.22706217
8789 0.05353229 -0.83593464 0.31829426 0.11499212 0.3144261 1.2053887 -0.91389173 1.1032728 -0.67595154 -0.012348374 -0.6036192 0.3282774 -0.6334987 0.31307518 0.578979 -0.19154863 -0.428373 0.39185286 -0.43583408 0.42077333 -0.40935776 0.56276906 -0.4904705 0.70074964 0.057671968 -0.3162661 0.7634608 0.2677094 0.4942447 -0.22680333 -0.46918118 0.7818246 -0.22515018 -0.16662371 0.67635924 0.48821124 -0.6695862 0.060707297 -0.15451872 0.098025806 -0.09836216 0.32693073 -0.34046027 0.78373426 -0.3353488 0.47785324 0.4896395 0.64673907 -0.59832543 -0.010020126 0.28209427 1.1055555 -0.59429 0.15332091 -0.07835019 0.15685734 -0.35258505 0.11673678 1.3170118 -0.35908735 -0.3018679 -0.80533296 0.23973534 0.53749657 0.07571781 0.2046154 -0.4027034 0.38468915 -0.5187572 -0.22437647 -0.22688772 -0.33145335 0.45810565 -0.1687189 0.19502047 0.1506928 -0.68365765 -0.21561387 -1.2218983 0.5456745 0.10594199 0.57563734 0.437937 -0.0040987628 0.03571555 0.8562534 -0.19132039 0.38372728 0.6349183 -0.46424088 -0.17512158 -0.47654983 0.07440016 0.37802446 -0.089368984 0.56319326 -0.420511 0.5203693 0.14927097 -0.9883738 0.021287575 0.016348138 0.10865529 0.620786 0.6700774 -0.12765284 0.58739734 0.287328 -0.57141125 0.10176616 -0.6841698 -0.63100356 -0.007083718 0.57970715 0.56579006 0.028520979 0.33826452 -0.6406101 0.34160885 0.09939897 0.61591715 0.000152673 -0.5948984 0.9355361 -0.9554765 0.5485842 -0.4634133 -0.978147
